|179.594|-179.726|-179.856|91.135|0.588 |122.679|122.462|5.519|61.664  |57.285  |-176.595|-179.027|179.175|179.950 |177.716|-26.856|154.950
|178.992|-178.863|-178.665|90.590|-1.574|125.103|128.408|2.490|64.987  |57.023  |-174.758|-178.871|178.948|-179.884|178.276|-24.997|157.332
|179.329|-179.605|-179.753|91.893|-0.213|123.426|123.134|5.369|61.780  |57.709  |-176.501|-179.115|179.036|179.813 |178.234|-27.407|154.875
|179.474|-179.405|-179.406|90.513|-0.086|122.755|123.488|5.046|62.136  |57.537  |-176.192|-179.251|179.061|179.936 |177.850|3.728  |-176.288
|179.538|-179.505|-179.450|91.029|-0.062|123.397|123.733|5.118|62.266  |57.528  |-176.195|-179.156|179.084|179.719 |177.893|-25.475|156.163
|179.354|-179.269|-179.358|90.752|-1.073|124.078|125.735|3.801|63.536  |57.135  |-175.168|-179.064|178.807|-179.733|177.868|-26.426|155.867
|179.516|-179.955|-179.486|91.433|0.278 |122.908|122.533|5.404|61.511  |57.570  |-176.878|-179.208|179.183|179.755 |178.233|-27.735|155.015
|179.253|-179.547|179.952 |90.537|-0.489|122.956|123.894|4.941|62.360  |57.246  |-175.916|-178.880|178.855|179.641 |178.367|-26.935|155.281
|179.515|-179.580|-178.398|90.320|0.737 |121.207|123.096|1.190|-177.762|-178.061|179.741 |-179.935|179.912|179.231 |178.411|-26.772|154.987
|179.521|-179.807|-179.741|91.475|0.998 |122.786|121.636|5.644|61.143  |57.671  |-177.081|-179.263|179.181|179.842 |178.290|-27.685|154.682
|179.317|-178.918|-179.037|90.863|-1.702|125.418|128.145|2.300|65.046  |56.771  |-174.662|-178.972|178.824|-179.567|177.983|-23.677|158.394
|178.828|-178.799|-178.737|90.091|-1.544|125.162|128.287|2.190|65.001  |56.837  |-174.687|-178.911|178.835|-179.682|178.152|-25.212|156.622
|179.562|-179.643|-179.645|91.024|0.019 |122.623|123.083|5.201|62.136  |56.979  |-176.198|-178.953|179.165|179.811 |178.088|-27.632|154.667
|179.808|-179.946|179.984 |91.004|1.664 |121.828|121.018|6.048|60.678  |57.825  |-177.132|-179.088|179.322|179.615 |178.572|-28.560|154.274
|179.432|-179.828|179.993 |91.572|-0.518|124.034|123.841|4.743|62.446  |57.192  |-176.492|-178.726|179.135|179.813 |178.355|-27.197|155.772
|179.218|-179.310|-179.315|90.916|-0.731|123.743|125.128|4.102|63.188  |57.102  |-175.525|-179.099|178.950|-179.944|177.994|-24.866|157.214
|179.388|-179.243|-179.205|91.451|-0.872|124.421|125.837|3.747|63.677  |56.959  |-175.376|-178.956|178.846|-179.965|178.006|-25.662|156.246
|179.126|-178.779|-179.082|90.544|-1.377|125.133|128.063|2.671|64.825  |56.810  |-174.752|-178.768|178.537|-179.833|178.537|-23.980|157.621
|179.655|-179.626|-179.726|90.941|0.307 |122.771|122.128|5.674|61.643  |57.425  |-176.534|-179.114|179.164|179.919 |178.187|-27.294|154.866
|179.621|-179.653|-179.804|91.061|0.823 |122.721|122.812|5.301|61.630  |57.730  |-176.963|-179.177|179.285|179.806 |178.036|-26.503|155.656
|179.344|-179.514|-179.527|91.262|-0.726|123.737|124.296|4.563|62.752  |57.159  |-176.162|-179.045|179.060|-179.877|177.927|-26.812|155.498
|179.442|-179.439|-179.960|91.274|0.249 |123.689|123.611|4.687|62.171  |57.612  |-176.397|-179.076|178.998|179.926 |178.054|-27.849|154.494
|179.365|-179.011|-179.173|90.840|-0.779|124.153|125.203|4.307|63.117  |57.164  |-175.541|-179.035|178.874|-179.690|177.953|-26.460|155.577
|179.330|-178.989|-179.213|90.773|-1.591|124.244|127.019|2.820|64.603  |56.626  |-174.625|-178.667|178.859|-179.844|178.151|-25.462|156.278
|179.373|-178.993|-179.352|91.094|-1.208|124.267|126.289|3.718|63.358  |57.506  |-175.840|-179.009|179.011|-179.837|178.273|-25.608|156.471
|179.644|-179.750|-179.498|91.097|0.824 |122.895|122.324|5.267|61.827  |57.207  |-176.510|-179.023|179.187|179.800 |178.442|-28.134|155.695
|179.765|179.973 |179.832 |91.690|0.611 |122.432|121.996|5.659|61.067  |58.062  |-176.964|-179.272|179.196|179.595 |177.990|-27.932|154.590
|179.107|-178.730|-178.839|90.628|-1.828|125.144|128.201|2.466|64.957  |56.854  |-174.789|-178.892|178.918|-179.799|178.149|-25.135|156.767
|179.347|-179.459|-179.271|91.578|-0.401|123.979|123.745|4.902|62.552  |57.228  |-176.356|-179.243|179.141|179.925 |177.965|-26.794|155.362
|179.409|-179.468|-179.797|91.477|-0.352|123.605|124.246|4.487|62.638  |57.284  |-175.679|-178.937|178.716|179.663 |177.992|-26.468|155.532
|178.889|-178.818|-178.654|90.360|-1.636|125.464|128.241|2.604|64.826  |56.897  |-174.519|-178.802|178.916|-179.700|178.354|-24.968|157.132
|179.324|-179.731|-179.842|91.402|1.279 |122.687|122.545|5.451|62.071  |57.229  |-176.372|-179.167|179.164|179.701 |178.135|-28.217|154.066
|179.024|-178.927|-179.053|90.377|-1.580|124.746|127.922|2.674|64.888  |56.858  |-174.920|-178.986|178.860|-179.765|178.260|-25.486|156.848
|179.470|-179.493|-179.686|90.874|-0.143|122.906|123.964|5.027|62.766  |57.336  |-176.257|-179.144|179.037|179.663 |177.903|-26.788|155.287
|179.438|-179.814|-179.702|91.555|0.301 |123.123|122.425|5.392|61.615  |57.501  |-176.748|-179.196|179.130|179.730 |178.378|-27.940|154.536
|179.128|-178.973|-178.856|90.272|-1.237|124.938|127.352|3.080|64.579  |56.693  |-174.696|-178.772|178.867|-179.715|178.329|-24.914|157.023
|178.996|-179.009|-178.983|90.582|-1.454|125.354|128.401|2.422|64.969  |56.876  |-174.835|-178.893|178.760|-179.807|178.291|-25.666|156.523
|179.269|-179.365|-179.441|91.183|0.042 |123.657|124.027|4.728|62.730  |57.145  |-175.918|-179.078|178.920|-179.960|178.004|-25.864|156.009
|179.136|-178.735|-178.893|90.251|-1.415|125.154|128.430|2.540|64.793  |56.840  |-174.549|-178.818|178.756|-179.587|177.996|-25.096|156.944
|179.460|-179.668|-179.678|91.223|-0.259|123.659|123.843|4.422|62.461  |57.472  |-176.533|-179.004|179.148|179.668 |178.096|-26.708|155.567
|179.319|-179.296|-179.482|91.509|-1.153|124.542|124.754|4.023|62.894  |57.341  |-176.026|-179.100|179.020|-179.793|177.916|-26.222|155.683
|179.709|179.850 |-179.779|91.216|1.585 |122.306|121.015|5.770|60.247  |58.330  |-177.614|-179.066|179.394|179.593 |178.634|-27.851|154.527
|179.474|-179.640|179.984 |91.995|-0.244|123.938|123.441|4.716|62.589  |57.180  |-175.937|-179.231|179.018|-179.975|177.700|-26.368|155.757
|179.610|-179.971|-179.683|90.416|1.783 |122.126|122.254|5.569|61.674  |57.468  |-176.403|-179.209|179.024|179.697 |178.162|-27.417|154.974
|179.136|-179.391|-179.350|91.277|-0.607|123.937|124.460|4.458|63.048  |56.805  |-175.717|-179.052|179.167|-179.961|177.908|-25.255|156.544
|179.750|179.760 |-179.990|91.157|1.140 |122.520|121.837|5.667|60.953  |57.455  |-177.241|-178.926|179.426|179.639 |178.510|-27.903|155.135
|179.325|-179.181|-179.480|91.146|-0.691|124.053|125.119|4.136|63.265  |57.047  |-175.620|-178.897|179.078|179.879 |177.862|-25.751|156.378
|179.441|-179.851|-179.703|91.364|0.273 |122.701|123.173|5.247|61.925  |57.454  |-176.100|-179.135|178.936|-179.919|178.095|-26.496|155.232
|179.132|-179.214|-178.889|90.466|-0.907|123.930|125.628|3.457|63.817  |56.896  |-175.284|-179.137|178.918|-179.793|177.809|-25.927|155.738
|179.281|-178.999|-179.007|91.136|-1.476|125.034|126.651|3.125|64.153  |56.883  |-175.134|-178.999|178.973|-179.827|177.967|-25.704|156.203
|179.403|-179.848|-179.993|91.338|-0.168|123.260|123.323|4.888|62.470  |57.238  |-176.107|-179.080|179.131|-179.954|178.024|-25.858|155.359
|179.114|-178.999|-179.495|91.160|-0.801|123.879|124.984|4.096|63.433  |56.872  |-175.588|-179.063|179.114|-179.781|177.639|3.805  |-176.289
|179.221|-178.983|-179.088|90.897|-1.516|125.206|128.319|2.548|64.899  |56.950  |-174.695|-178.981|178.876|-179.760|178.173|-25.071|156.784
|179.622|-179.846|-179.891|90.853|0.932 |122.616|122.205|5.853|61.355  |57.635  |-176.738|-179.121|179.123|179.714 |177.918|-26.597|155.844
|179.422|-179.628|-179.308|91.309|-0.014|123.239|123.218|5.496|61.451  |57.483  |-176.347|-179.087|179.136|179.853 |178.022|-26.859|155.539
|179.688|-179.688|-179.528|91.565|-0.240|123.233|122.902|5.588|61.655  |57.772  |-176.804|-179.364|179.101|179.600 |178.298|-27.203|155.186
|179.400|-178.818|-179.099|90.709|-1.439|124.744|127.863|2.516|65.093  |56.818  |-175.027|-179.004|179.032|-179.840|178.066|-25.202|156.909
|178.960|-178.857|-178.969|90.615|-1.524|124.837|127.753|2.729|65.073  |56.747  |-174.968|-178.948|179.176|-179.362|177.690|3.492  |-176.663
|179.621|-179.697|-179.870|91.000|0.156 |122.981|122.920|4.788|62.364  |57.373  |-176.209|-179.134|179.031|-179.993|177.911|-27.300|154.229
|179.640|-179.851|-179.624|91.256|0.592 |122.686|122.237|5.615|61.563  |57.306  |-176.807|-179.082|179.233|179.814 |178.244|-27.997|154.348
|179.631|-179.855|-179.776|91.245|0.589 |122.631|122.271|5.113|61.797  |57.808  |-176.886|-179.200|179.101|179.722 |178.197|-27.585|155.043
|178.895|-178.659|-179.117|90.958|-1.160|124.833|126.445|3.389|63.745  |56.968  |-175.221|-178.957|178.944|-179.837|178.149|-26.909|154.995
|179.138|-178.674|-178.985|90.306|-1.540|124.812|128.027|2.509|64.846  |56.910  |-174.746|-179.031|178.905|-179.933|178.175|-24.180|157.654
|179.543|-179.719|-179.445|91.004|-0.105|122.995|123.171|5.456|62.054  |57.529  |-176.934|-179.046|179.051|179.727 |178.286|-27.309|155.168
|179.244|-179.263|-179.074|91.125|-0.726|123.861|124.665|4.547|62.793  |57.183  |-175.883|-178.913|179.010|179.644 |178.056|-25.998|155.995
|179.740|179.917 |-179.407|90.516|2.666 |120.756|119.637|6.478|59.454  |59.019  |-178.850|-179.369|179.703|179.431 |179.210|-29.038|154.014
|179.075|-178.811|-179.151|90.938|-1.500|125.277|127.919|2.640|64.641  |56.907  |-174.933|-178.858|178.929|-179.669|178.182|-26.442|155.478
|178.840|-178.720|-178.527|90.154|-1.504|125.462|128.703|2.005|64.932  |56.979  |-174.606|-178.949|178.724|-179.621|178.236|-25.533|156.339
|179.004|-178.937|-179.066|90.537|-1.407|124.948|127.662|2.719|64.779  |56.867  |-174.881|-178.919|178.758|-179.768|178.200|-25.160|156.810
|179.694|-179.946|179.865 |91.640|0.467 |122.763|121.623|5.442|61.199  |57.640  |-177.125|-179.113|179.394|179.343 |177.828|-26.869|155.301
|179.491|-179.697|-179.637|91.506|-0.200|122.975|122.311|5.787|60.916  |57.721  |-176.828|-179.099|179.205|179.645 |178.099|-28.902|155.007
|179.528|-179.857|-179.649|91.468|0.151 |123.409|122.979|5.217|61.340  |57.766  |-176.657|-179.117|179.081|179.838 |177.681|-26.728|154.930
|179.796|-179.607|179.995 |90.742|0.900 |122.631|121.829|5.699|60.781  |57.758  |-176.890|-179.041|179.415|179.869 |178.255|-29.130|153.816
|179.670|-179.859|-179.743|91.380|0.747 |122.789|121.836|5.579|61.007  |57.888  |-177.100|-179.314|179.398|179.591 |178.427|-27.868|154.777
|179.521|-179.540|-179.616|91.393|-0.380|123.259|124.199|4.698|62.575  |57.330  |-176.182|-179.007|178.916|179.772 |178.414|-26.923|155.650
|179.696|179.962 |-179.882|91.834|0.958 |123.131|121.761|5.847|60.828  |57.835  |-177.320|-179.160|179.224|179.486 |178.115|-28.171|154.726
|179.037|-178.646|-178.824|90.492|-1.753|125.393|128.900|2.035|65.149  |56.993  |-174.690|-178.912|178.945|-179.590|178.481|-24.351|157.524
|179.191|-178.879|-178.730|90.085|-1.517|124.895|127.933|2.590|64.812  |56.893  |-174.768|-178.874|178.893|-179.708|178.118|-25.353|156.898
|178.958|-178.656|-178.933|90.741|-1.538|125.266|128.419|2.261|65.245  |56.918  |-174.473|-179.027|178.849|-179.809|178.008|-25.185|156.348
|179.065|-179.110|-179.092|91.029|-1.099|124.758|126.445|3.424|64.007  |56.840  |-175.123|-178.891|178.869|-179.871|178.268|-24.785|157.213
|179.029|-178.958|-179.051|90.521|-1.670|124.842|128.288|2.261|64.964  |56.878  |-174.642|-178.860|178.905|-179.691|178.430|-25.575|156.458
|179.416|-179.586|179.797 |91.471|0.136 |123.090|122.815|5.159|62.088  |56.965  |-176.204|-178.993|179.113|179.833 |178.362|-27.192|155.302
|179.773|-179.805|-179.630|91.000|1.747 |122.081|120.112|7.271|58.693  |58.908  |-178.024|-179.225|179.515|179.440 |178.620|-28.187|154.649
|179.526|-179.744|-179.530|91.421|0.291 |123.210|122.668|5.002|61.555  |57.543  |-176.681|-179.070|179.208|179.748 |178.322|-27.994|155.360
|179.037|-178.850|-179.061|90.491|-1.415|124.888|127.894|2.918|64.690  |56.876  |-174.789|-178.813|178.855|-179.600|177.926|-24.931|156.993
|179.414|-179.650|-179.771|91.387|-0.085|123.182|122.988|5.205|61.931  |57.491  |-176.500|-179.181|179.180|179.885 |177.938|-26.196|156.834
|179.470|-179.545|-179.734|90.803|0.569 |122.844|121.392|5.432|61.299  |57.655  |-177.012|-179.195|179.154|179.648 |177.883|-26.120|156.283
|179.653|179.930 |-179.731|91.096|1.187 |122.075|121.147|5.881|60.133  |58.433  |-177.624|-179.243|179.408|179.588 |178.297|-28.672|155.408
|179.916|179.935 |-179.979|90.421|2.529 |120.652|119.432|6.150|59.480  |58.934  |-178.862|-179.348|179.754|179.619 |179.143|-29.059|154.389
|179.650|-179.529|-179.380|90.130|1.470 |122.076|120.689|5.958|60.384  |58.071  |-177.406|-179.008|179.311|179.412 |178.484|-27.840|154.033
|179.315|-179.239|-179.499|90.948|-0.893|123.758|125.106|4.031|63.413  |57.245  |-175.616|-179.089|179.114|-179.717|177.922|-25.926|156.012
|179.524|-179.499|179.884 |91.358|-0.143|123.054|123.719|4.727|62.529  |57.378  |-176.429|-179.346|179.273|-179.951|177.951|-25.725|156.548
|179.121|-178.856|-178.939|90.826|-1.545|125.154|127.217|2.609|64.741  |56.601  |-174.557|-178.873|178.752|-179.910|177.984|-24.631|157.422
|179.382|-179.778|-179.566|91.350|0.279 |123.064|122.505|5.266|61.880  |57.407  |-176.588|-179.116|179.225|179.901 |178.077|-26.943|155.481
|179.724|-179.684|-179.819|90.897|0.747 |122.319|122.156|5.084|61.732  |57.623  |-177.283|-179.235|179.335|179.680 |178.256|-27.686|155.125
|179.136|-179.100|-179.192|91.674|-1.230|124.789|125.976|3.544|63.688  |56.957  |-175.170|-178.924|179.042|-179.788|177.642|3.848  |-176.301
|179.447|-179.374|-179.881|91.695|-0.179|123.777|123.977|4.773|62.295  |57.331  |-175.821|-179.050|179.041|179.784 |177.901|-25.631|156.564
|179.061|-178.745|-178.709|90.593|-1.443|125.144|127.786|2.528|65.007  |56.903  |-174.657|-178.837|178.886|-179.646|178.643|-25.511|156.350
|179.388|-179.035|-179.425|91.097|-0.794|124.304|125.630|4.074|63.150  |57.204  |-175.605|-178.926|178.955|-179.865|178.104|-27.146|154.458
|179.720|-179.853|-179.046|90.623|0.995 |122.374|121.904|6.051|60.818  |57.886  |-177.064|-179.082|179.189|179.423 |178.275|2.330  |-177.969