Mulder's channel
МСД-1 : TIC
4.65159547989875
8.00010013580322
----------------
0
0
0
0
0
0
0
0
0
0
0
0
0
0
0
0
0
0
0
0
0
0
0
0
0
0
0
0
0
0
0
0
0
7593.0447845459
98806.1278591156
59585.2013568878
158770.208343506
158796.139038086
91966.4522886276
169825.764750481
205567.926746845
157995.501073837
105052.389173031
199304.934998512
314841.496953964
164863.490653038
176002.198681355
116235.34718895
138915.229988575
38014.8690214157
116503.932070732
21894.8932204247
0
0
29788.8165678978
64470.5170497894
0
0
66186.2517447472
0
9133.16145181656
0
0
0
86874.9575433731
4653.10121917725
0
93126.2242689133
17316.6444854736
0
0
40599.0604724884
0
0
88667.315747261
0
0
45289.6037425995
0
20674.5946178436
0
0
0
24569.4258241653
0
0
0
0
0
32383.2576150894
0
0
8730.05270767212
0
0
8389.335044384
0
34829.9724588394
0
0
0
0
8298.64811992645
0
0
0
29200.7838783264
0
0
0
0
0
0
26628.903588295
0
0
0
0
0
0
0
67813.6254673004
0
27688.6062002182
0
27680.2878084183
20697.9200944901
0
28568.3906412123
0
0
0
12548.9291524887
0
12.9246768951416
37568.667175293
0
0
37623.4282579422
0
0
0
0
0
15925.2921829224
0
0
0
0
8660.05921649933
54447.7749037743
0
4096.92248153687
0
12771.1628036499
0
0
0
0
0
36131.5306520462
0
43960.2006492615
3347.61897850037
0
0
0
25595.8940563202
7110.42482089996
0
33729.6914892197
79460.7459354401
0
0
3701.63913726807
0
13987.3320999146
0
11688.8601379395
21936.3558731079
3890.87117862701
0
0
41713.1255807877
0
11916.080997467
0
34238.9388694763
0
0
0
0
11969.0752344131
0
19124.6926193237
15477.7956895828
5006.31501102448
18762.1567049026
0
148.24710559845
0
0
5829.37268066406
0
0
0
38001.2587928772
15039.4621019363
11659.4665355682
0
4259.03354930878
15855.9037799835
0
0
3224.64945411682
17750.6511306763
0
1714.04086208344
35345.572681427
0
0
0
0
11854.9994535446
0
0
0
14028.8239412308
7339.01008987427
8116.58967971802
3237.64033317566
16522.0068721771
0
5602.81338119507
0
0
0
0
34936.895925045
15116.8228330612
9287.90215301514
0
0
4972.70639705658
29164.5150156021
0
0
13666.3550596237
27810.1142034531
11044.044939518
21146.5798454285
0
4907.87880516052
0
0
0
22526.4318027496
0
0
0
20689.7312088013
21882.793194294
32473.325963974
14446.9349403381
0
0
2699.17495441437
0
0
0
0
0
7769.57991123199
0
24309.9600067139
18570.8613920212
0
1485.49656867981
9939.73437404633
0
0
7324.0154542923
0
12670.0243434906
6282.28621482849
0
0
0
20429.4377670288
0
11046.4636249542
8834.71975231171
12969.3039655685
11377.9601507187
0
0
0
0
0
15224.855928421
0
0
0
0
0
13051.6664791107
18149.0495228767
24822.1773514748
9368.49619960785
0
10225.3986291885
25346.0343780518
11519.8347215652
600.953196525574
0
12463.3020277023
17915.4541282654
0
0
0
0
35714.2808694839
0
0
0
0
0
9485.98455429077
0
0
0
0
0
0
19093.1069955826
17369.1658763886
0
0
16381.4794712067
0
0
14221.6655826569
26441.3818788528
0
9883.19543647766
0
6218.8138589859
0
0
13434.0158224106
8579.47007656097
10570.9232063293
0
0
1350.30142498016
29544.1635990143
0
0
24584.1808280945
0
0
0
0
0
12627.0006389618
8867.36606693268
0
9527.00096511841
1720.1168346405
0
0
0
0
14296.3331727982
0
8949.87543392181
23335.0169944763
0
18871.1782102585
26615.5660991669
17699.0833024979
9301.53875637054
34088.3389148712
0
13751.0796842575
0
0
0
161.807278633118
0
1624.05164051056
17075.5995759964
0
0
0
5650.83642959595
0
0
0
0
11425.4107666016
0
0
0
18307.525138855
0
2770.73725509644
19730.9208164215
7563.01276397705
18325.4518280029
4962.52601528168
30554.6223373413
33994.8747358322
0
26288.4390392303
17470.8085532188
7386.0535039902
0
25036.7747850418
11575.8388261795
0
3013.70316410068
0
0
0
15988.8606128693
0
0
0
0
5393.0175790787
0
0
2140.18151187897
0
0
0
13527.9421796799
7844.20345115665
869.321929454803
0
18529.8782763481
7017.13330411911
0
12567.1680803299
224.062674999237
15585.4507589341
9389.20749950409
26117.9120750428
0
15049.8215312958
28433.6023921967
0
0
0
0
0
0
0
0
0
0
1046.06513023376
10125.4899368286
22655.7606334687
0
4986.88533830643
0
7889.66112709045
19797.8584775925
25422.111843586
24545.6653928757
8752.20932769775
0
0
1396.52648353577
0
0
11050.5002169609
11771.9779224396
0
4828.71487903595
0
0
0
7339.58536815643
0
2511.9825296402
0
18346.3802204132
25445.3745155335
0
0
0
0
0
15893.1456975937
0
0
0
0
0
16607.0524873734
23756.3582401276
0
292.674905776978
8737.53264331818
41852.1526117325
19384.0563755036
0
30330.3717536927
67930.9383888245
31586.287226677
46898.1587572098
10059.5973396301
37039.433095932
28299.7813682556
44229.8724393845
26027.0036678315
27327.6866416931
3349.84583568573
22719.9624643326
3541.73573970795
0
0
0
0
14753.1955356598
0
0
0
0
0
23816.7487258911
0
22641.9110183716
0
0
0
0
1029.40336227417
0
7518.51913738251
0
8700.23101329803
0
0
0
0
31338.8229904175
0
12309.6481809616
11395.298125267
1739.53785514832
0
36999.7055559158
0
33464.7964954376
0
17891.6588850021
16670.4877939224
0
0
3551.28778839111
0
11789.2050905228
4126.99652481079
10689.5003881454
0
16062.781255722
5562.05042076111
0
31124.8628931046
0
0
0
860.22962474823
1653.02890110016
0
0
0
2220.8820772171
27470.583732605
0
0
0
0
0
3807.7345199585
0
0
3403.87975788116
6100.27588558197
16308.3606157303
5754.39837837219
0
0
0
0
17432.2060880661
8996.23337459564
0
2277.94672679901
31164.3462457657
0
0
0
22421.9332876205
581.982635498047
16309.8472175598
0
0
1727.83928489685
10014.9364061356
23021.6706809998
0
0
0
10051.3191738129
2219.71994686127
7344.80686759949
16480.2360830307
80.0135726928711
20574.582154274
0
0
0
0
7812.0232591629
17765.7725830078
4484.47648334503
15617.6347789764
9501.20204257965
0
8624.74014759064
751.494651794434
4796.2546043396
0
0
0
0
0
0
0
41741.9930334091
21424.7747969627
11749.6403164864
0
0
0
0
2009.1869802475
0
11873.9126777649
3406.10759544373
1127.46615791321
17989.7882347107
0
0
22040.8106422424
0
0
0
25468.5377874374
4235.02347564697
10268.8386497498
12848.4570837021
0
0
0
0
0
0
11516.9052257538
9148.25112915039
12397.2215118408
12630.6668548584
27400.6079778671
14577.5908966064
0
19407.3711643219
25516.53028965
0
15363.7291145325
0
0
1591.72843170166
0
26130.293680191
11501.5618543625
20480.5329914093
0
7515.82653522491
0
0
0
0
14378.504406929
0
11564.4158296585
0
0
6946.46981620789
0
1413.40422725677
29037.1767492294
0
22528.5488395691
0
0
41231.0984230042
19724.9620685577
8776.71508407593
0
0
0
0
11260.2807703018
0
0
9164.85794067383
0
9374.16090965271
10471.1251659393
0
6958.06279563904
14865.6671609879
0
0
0
3053.51442527771
29932.0283136368
9383.19704437256
0
0
0
14990.6447210312
25256.9275045395
0
0
0
10532.0735635757
10161.5392656326
0
14192.5530385971
0
0
0
0
10678.5911684036
0
0
18086.9682626724
0
15620.9288740158
2081.85157489777
0
13605.6483001709
25706.7852401733
14089.4663581848
2632.61476325989
2201.83469676971
22705.2328796387
0
0
11168.3803625107
0
13034.0373258591
0
0
1152.00495052338
0
0
0
0
0
0
0
6710.57932090759
9885.41514205933
6454.14713668823
0
17093.9966983795
0
20177.7794179916
0
0
17068.1835279465
12246.725399971
0
0
20034.7835254669
22034.4983549118
5837.41023159027
0
0
4109.90672874451
39539.7502422333
13851.514872551
16472.6269798279
12547.1726484299
0
0
25958.43708992
6542.65399932861
0
0
0
0
26958.6290578842
0
1388.51419734955
2117.59191894531
0
4041.84844589233
10999.6848659515
0
0
14214.824432373
0
0
35116.8613433838
13255.988111496
13003.8682813644
0
17492.112537384
30197.8991880417
0
0
0
264.051164627075
0
0
0
0
7723.38702583313
22737.0537424088
28708.9005804062
0
4686.13429260254
0
6232.4432554245
12361.8425703049
0
9518.03321361542
9392.17569732666
2493.27032375336
2304.96814060211
12087.4041604996
0
0
8126.87917327881
0
167.639595031738
0
0
0
0
0
850.855542182922
0
0
0
12641.7480716705
0
391.854693412781
6254.06630897522
0
13998.0767354965
0
25825.1103572845
0
0
0
2317.28633928299
5280.67194747925
0
7068.95139884949
0
0
4953.91143512726
232.847535133362
0
4321.53186607361
9560.5535736084
8844.68767738342
0
0
0
0
2638.62271022797
9001.59548568726
0
21641.1811475754
23543.3860731125
3221.9887676239
0
0
0
7003.79342842102
13044.128411293
7087.64657974243
0
27704.6858034134
15178.0424127579
0
0
0
0
0
0
0
0
0
6054.26264286041
0
10600.8753995895
0
0
20077.7074375153
6512.90934801102
12141.2217311859
8767.19218730927
0
103.095206260681
13280.3841600418
29190.5667905808
0
0
0
0
0
0
9100.19526576996
375.623531341553
0
0
0
0
0
0
6545.31361103058
32149.5852508545
22582.0067491531
0
0
8645.92183589935
3710.43620681763
0
0
2469.95071601868
9941.97819900513
12989.9825239182
209.891134262085
2386.8677854538
4138.77339172363
21227.481098175
11327.2598600388
12201.1845788956
0
0
6099.38052082062
0
0
1581.54148674011
0
0
8378.92195606232
0
0
0
0
0
4366.6427936554
1792.69318675995
8428.29905223846
0
8702.93268680573
0
7024.88855934143
0
8678.23791027069
0
0
0
0
7070.75698280334
0
0
10923.8888578415
0
2928.05933189392
7603.32731819153
0
0
0
0
16367.04479599
9762.41604804993
22397.2045078278
10598.3280038834
10199.6520357132
28723.4892196655
4404.08943080902
27820.7781229019
0
9631.96826934814
0
5459.56695747375
13249.00380373
0
0
0
2170.16080379486
17870.6656961441
0
10716.4669370651
0
0
15546.3204050064
0
12750.0390844345
0
0
11835.8723316193
0
7506.07206058502
0
0
0
13080.4340343475
4278.02631378174
14006.514790535
7497.97463035584
27574.2580986023
17098.638253212
787.399099349976
0
0
0
11103.5162496567
0
0
0
23748.2867870331
10752.9867506027
0
0
0
0
0
0
0
13383.3951501846
0
0
5057.94962978363
5676.91809749603
0
4772.2829990387
0
13046.6727371216
4295.72371578217
0
407.068925857544
1324.66360664368
12097.7890019417
8531.32427024841
2895.04095649719
3148.80633926392
0
4672.25151634216
1725.35235023499
0
0
8821.66260528564
0
0
0
0
0
10995.6821937561
1826.04380130768
0
8470.95368003845
0
9558.83761119843
0
0
0
0
24502.7224731445
27294.0299310684
0
9843.55522060394
16521.0161952972
0
0
0
17982.5656700134
686.359629631042
0
0
0
414.108225822449
4623.72095298767
3678.460729599
1135.38421154022
10426.8434114456
24015.6293716431
0
9025.38820266724
14304.9647607803
0
0
0
0
9086.79460144043
13270.422870636
0
15573.1230831146
0
9079.04587554932
0
0
0
10101.9969329834
17737.5044322014
12644.8814239502
0
0
6592.52388572693
397.741081237793
0
15701.2281208038
595.866642951965
0
0
0
0
14069.9447898865
11391.1777420044
0
7734.71354198456
0
7562.00204944611
0
9271.6077003479
0
0
410.652067184448
0
19799.4365282059
0
4316.45220661163
14418.7240743637
10223.8405408859
26658.4443778992
0
4837.66260814667
0
0
5898.09666633606
0
17957.2028713226
6552.33155345917
9874.18893527985
0
0
0
0
3546.85917949677
0
0
9980.12793064117
0
1035.15179538727
0
5765.30842399597
9227.50390338898
0
16530.8290996552
0
5484.28764057159
10251.3608407974
0
0
6471.82824134827
0
0
0
13676.0413131714
11821.5399885178
5559.50528526306
0
0
15346.9065675735
13500.5436458588
13914.6451587677
0
0
0
10734.8671607971
16146.8721466064
0
3788.45993614197
25454.631816864
0
0
12108.9382944107
0
2213.66980075836
0
10222.1854228973
10091.8308792114
0
1023.49853992462
4667.07953739166
0
0
637.187824249268
0
0
0
1968.93844985962
4434.90009784698
142.639190673828
0
8095.22180175781
0
12840.0902767181
4704.93198204041
0
0
10288.5667915344
0
6703.44743537903
0
0
0
2347.86085987091
0
2462.24238777161
1679.50290203094
3329.3337097168
0
0
13342.6836853027
0
19502.4523048401
0
0
37972.9842987061
6989.69879341125
1515.36580467224
5443.54364013672
8326.56412029266
0
19785.8034505844
0
0
8706.19135665894
6395.42978477478
1773.03914833069
0
0
0
0
3622.87468147278
6490.02431678772
548.689301490784
0
16334.1978969574
0
0
0
0
0
0
6004.72961997986
0
1432.46081256866
14920.761797905
0
9206.6575717926
0
0
0
16627.8481311798
4664.61542987823
3393.07225799561
0
2181.56262493134
0
0
0
5015.33879756927
318.653666496277
12360.8083648682
11300.2245025635
5924.50865936279
0
0
0
0
0
1530.27984523773
5481.75658893585
0
8921.8359708786
0
2238.22274208069
2571.19868373871
7270.52651882172
0
1986.23525524139
0
7363.98636054993
0
0
0
0
11696.6354990005
15386.7549753189
0
0
0
0
404.193319320679
0
10974.1066207886
9514.96400928497
0
0
0
21335.5101070404
0
4346.97120761871
0
5911.12730789185
9822.17716407776
10807.3706755638
23907.7089757919
3449.2118806839
17681.1658678055
7330.78318023682
0
0
5473.18555736542
0
5160.67520332336
12643.6524362564
0
0
5555.7108707428
0
0
14312.4197244644
0
0
0
0
7553.14028358459
9672.09910202026
0
2033.69715881348
11844.1979284286
549.11464214325
14355.2527837753
8233.96815109253
0
0
8866.98207187653
16376.2334127426
0
0
0
2665.53272533417
0
0
0
0
2753.34427165985
0
0
4172.35400676727
4684.37972450256
3758.55426502228
138.408069610596
5123.86058712006
0
4654.78038692474
10050.0433635712
0
0
0
21679.5642728806
9955.62739562988
0
0
7086.2537317276
31995.3024263382
0
0
0
3694.13327121735
0
0
0
4269.10976696014
859.54255771637
17085.7260446548
0
10422.8677129745
0
0
8732.73320865631
0
4081.67643451691
0
0
0
9664.35967254639
0
6873.91928625107
0
1265.45736026764
1425.7367143631
0
0
1251.19534301758
0
10797.2360553741
7442.0594997406
8334.78128194809
0
0
3337.23107910156
0
0
0
3719.03098201752
0
0
10397.4761610031
7098.06018638611
11811.1845712662
4049.3908290863
164.017556190491
23533.8705730438
0
0
9748.67135906219
0
0
2128.11978054047
0
21396.7266845703
19607.0697078705
7766.39856052399
13631.0908298492
0
0
11025.8146781921
0
142.763319969177
32377.6637144089
0
0
2101.5784702301
0
0
19266.7623414993
0
2114.52077388763
0
7732.40627765656
7746.33836555481
8472.60356807709
0
0
12190.7362298965
0
3230.21088027954
13361.8463983536
0
0
0
0
0
0
0
0
0
0
0
0
10941.2418136597
0
21967.9319038391
0
0
0
0
0
0
0
54669.1799764633
75894.1863613129
59357.4255552292
141758.973374367
206336.136683464
246544.747023582
260517.37571907
337424.515806198
380405.188538551
371510.240209579
384750.959727287
432976.132761955
384619.192765236
355464.016795158
273108.558730125
234198.537665367
201192.808337212
77358.7435073853
57939.6257963181
7614.71748924255
0
0
0
0
0
0
0
23211.3453941345
0
21766.6517982483
0
0
0
4675.10104465485
0
0
0
11550.6669044495
0
0
0
5852.03644371033
12700.046664238
14378.2837257385
0
0
2600.58654022217
2877.36371707916
0
0
0
0
1213.42098808289
8833.67182445526
0
0
2501.05691719055
0
16541.9748744965
824.774435043335
0
0
20228.8679227829
10698.3335256577
0
1491.08669662476
0
1839.62518405914
1789.72049713135
7269.81559371948
7927.56383037567
0
15723.3441925049
16756.4694099426
0
0
0
5416.27971458435
0
0
2360.58765602112
0
806.641528129578
0
5434.59841442108
0
0
1630.55605983734
0
0
14517.5752191544
7895.20426177979
10738.1425542831
0
22057.1848545074
0
1468.89137458801
0
6764.36107158661
0
0
0
5544.51958179474
0
8755.36226558685
0
0
289.913912773132
0
3516.5511341095
0
8209.00299453735
0
0
0
0
6219.32388114929
18680.3137626648
13412.0111980438
0
10726.335234642
16886.0136671066
0
0
18109.9624300003
14374.6147642136
0
2659.16664981842
11779.5888681412
0
0
14478.525592804
8456.5624332428
1343.79239654541
8661.81255912781
21526.6713447571
0
4386.12936210632
0
0
0
0
0
10217.4349689484
0
2561.93107795715
11636.7589063644
0
0
1285.04821014404
19169.6709575653
0
6941.15659332275
16072.3306846619
0
8473.09399318695
29223.9722967148
0
5555.64405345917
0
0
0
0
0
0
0
2952.79702472687
1824.8655128479
0
0
12725.7035312653
0
0
0
0
0
0
0
11100.6034936905
1275.46398925781
28287.3207950592
0
15031.2005558014
7056.55933189392
0
23568.8358030319
3606.60623168945
25778.3829536438
0
21353.7546310425
22829.5246047974
17450.7081432343
30131.6519355774
12399.5510940552
0
14767.6606788635
0
0
0
9341.30704689026
0
0
0
1852.50077629089
0
1663.27763366699
14324.4674544334
13496.7968940735
0
0
9911.90679168701
0
0
0
0
0
1389.89867401123
0
1086.06940555573
0
19916.3579092026
24852.9122638702
9680.73131752014
0
20967.305973053
33846.6275930405
0
19319.1106176376
13793.4800453186
14490.3482313156
0
14497.4715633392
0
0
0
10905.4578924179
6840.22963905334
0
8260.2142996788
0
0
1867.35596132278
0
11708.4681377411
0
0
14401.6420612335
4988.53892421722
16828.3487176895
0
858.624773979187
11181.1342153549
0
0
0
0
1178.60449314117
0
0
17303.3307495117
3702.21411895752
103.884257316589
0
24252.474146843
2842.96651744843
0
0
0
9492.78814601898
10055.5218696594
0
0
9576.30916213989
3710.32120323181
12701.2711744308
0
19110.9063835144
0
12534.984670639
1320.95540237427
0
13943.3372735977
0
28970.9650225639
19740.3172063828
15621.6662635803
15187.8633708954
0
0
0
318.978750228882
0
0
0
0
8319.09911251068
0
3119.4206237793
8564.68883991241
0
0
0
0
12151.8143424988
0
0
728.800576210022
2256.55446338654
0
6087.41509246826
18117.1869716644
15927.8298635483
2095.61580753326
2608.48590278625
0
7474.24115371704
0
3259.22068214417
2455.31010627747
0
2497.08372211456
10753.4745397568
0
0
6240.50476455688
5567.65747261047
0
23267.4831457138
0
0
0
0
0
0
3634.96233844757
4811.22228336334
0
663.341743469238
9186.77372360229
0
291.875367164612
9824.970952034
0
8650.04626560211
5289.4562330246
14470.5464735031
0
0
24878.2045726776
2905.50830364227
10020.790933609
0
0
0
0
0
0
3918.98348236084
0
0
1629.90570354462
10750.3137216568
0
0
0
0
0
0
14383.5611863136
18561.7741222382
23830.3055830002
13575.791852951
616.712567329407
2485.84343624115
657.395259857178
14062.3433132172
8595.21689891815
10229.9602355957
27997.9828014374
15492.1592826843
0
6462.22852039337
0
0
14347.8911027908
4826.30977058411
1961.63363838196
0
0
0
0
0
0
0
6945.7916431427
8864.90875816345
0
13532.6417207718
0
0
0
3139.03719902039
16008.0303592682
0
472.907788276672
28897.2098264694
0
10002.6536598206
0
0
12516.27414608
0
0
28175.8287639618
14163.1515378952
0
0
0
389.69668674469
3392.82348060608
0
0
0
0
10277.1393094063
3712.86591768265
7649.16442918777
5162.46115732193
31494.5055451393
0
0
2941.14513969421
0
3071.87659549713
0
0
0
902.183980941772
0
0
250.666361808777
0
0
1713.66312122345
1645.57417488098
4198.4624671936
0
3388.61992073059
24277.8078327179
14779.1254301071
0
3987.55040359497
6668.12283325195
0
0
0
1036.02571487427
4684.95970153809
13357.0727052689
20.1694488525391
0
0
373.326198577881
0
0
0
1028.11111354828
0
0
0
7119.37179374695
0
4769.78991699219
8651.55625724792
0
0
4323.22239685059
0
17556.4775362015
6357.19207572937
2385.70746135712
0
5411.52264690399
9341.12437820435
0
0
0
0
0
0
0
14483.7855539322
0
0
0
2517.25720834732
11743.1647977829
0
0
13541.7002663612
0
0
0
0
0
0
0
0
0
0
0
0
0
0
0
0
0
0
0
0
0
0
8734.54491413556
19052.2505538647
24992.5993505991
58530.5543580422
75790.6743835669
126234.612216289
182652.806155388
327378.474320485
380832.714828455
512269.316303106
545366.424909335
587651.958352676
607902.175196171
685410.031343827
694721.131197233
637282.8751308
605546.927249945
539757.280551837
365588.675002868
313728.467846577
211286.411079957
144628.145403349
100182.586953493
73247.2989446934
5602.96954070605
0
0
0
0
0
0
0
0
0
0
0
0
0
0
0
0
0
0
0
0
0
0
0
0
0
12053.4146261215
14713.8129320145
0
24827.3298788071
7227.56542301178
0
0
7945.83598327637
8676.79766941071
6290.19986152649
20330.6909456253
17252.5750389099
20620.6492767334
0
0
7550.49511814117
0
0
0
0
1265.33601856232
0
15619.9772644043
13840.7575464249
0
0
0
0
7135.22706413269
0
0
14435.462685585
0
13954.8427829742
1361.63007259369
0
2541.80549144745
0
7569.35615921021
5672.0320892334
9211.38791847229
0
0
7751.2183713913
0
7395.32971477509
10869.5850992203
0
0
0
10099.7698507309
0
0
594.698704719543
2320.54473114014
12149.4639701843
0
12749.2225255966
0
6225.93542194366
0
0
7718.67318916321
6442.12401294708
0
0
0
8101.31265163422
0
4306.30963802338
6804.41388511658
0
0
8649.85955524445
3246.97606563568
6908.19149112701
1488.15902233124
19920.5228209496
4385.26194858551
524.419778823853
1104.37781953812
0
8029.7948050499
0
0
6021.06099271774
3909.6211681366
0
0
0
0
8282.90279102325
0
0
0
0
5357.23220539093
23813.2789869308
0
0
0
0
3199.4444360733
0
5520.18867492676
7114.25295066834
7261.80919551849
0
0
0
5081.18199539185
0
0
0
0
0
0
2460.00643634796
18552.5631017685
0
5340.03202056885
0
0
1461.19384813309
0
0
0
17730.8059110641
5109.38834667206
9771.75870513916
18281.0337963104
8048.86940193176
14672.5180735588
26272.5796880722
0
18170.8233375549
24862.0031223297
4776.64150047302
1394.33787536621
5134.50010108948
0
5260.23157691956
0
0
4275.89386749268
0
0
0
0
0
1488.3214931488
5853.02651500702
4755.853931427
2642.87618732452
0
11225.041592598
0
2064.71939754486
0
0
0
5531.51362037659
0
4588.19159889221
0
0
0
12883.1261901855
5573.76997184753
0
0
17768.1893453598
5263.29118824005
3788.69962501526
0
0
0
15304.6801586151
4067.79800701141
14237.9988565445
0
11251.2505645752
0
11215.703327179
0
0
1856.77337646484
0
0
0
8903.21602058411
0
4181.82616615295
0
148.921964645386
0
0
12011.2077760696
8500.49949741364
0
0
7789.64475440979
2508.35644340515
247.314799308777
0
0
344.278604507446
0
0
9843.48001766205
0
7441.14950275421
0
24297.394657135
0
0
10267.1992139816
17781.728852272
5133.20896625519
0
3310.39548492432
0
0
3780.97156810761
7022.78297424316
0
11169.1542644501
0
6608.824842453
0
0
6616.46782875061
0
0
6955.82321834564
14499.6394672394
16669.1511993408
6094.13642406464
14433.3684005737
19379.2902698517
19278.4880304337
26881.4857587814
17368.6076278687
18221.2968711853
22784.952129364
0
0
3026.54398059845
0
2666.50580215454
0
12031.3508138657
3766.0880947113
9562.52576160431
0
1465.83940887451
0
0
0
0
903.61547088623
1748.31243896484
0
0
12085.8453617096
0
292.063799858093
10552.5608558655
0
5683.41779708862
0
397.763774871826
0
3063.45645523071
312.638641357422
0
0
1332.51508045197
0
995.177580833435
19206.0000839233
0
9497.65267658234
0
0
8266.2373380661
0
5474.87412166595
17020.7842254639
0
0
20515.3717679977
22589.3721542358
0
0
0
5887.39301204681
0
0
5771.8569316864
21133.8660068512
1765.10201358795
3696.4810962677
0
0
0
5594.24302577972
0
0
166.232601165771
12177.2130775452
0
0
10985.8006381989
14651.6987133026
6190.28796195984
16054.510219574
8725.38751411438
0
0
0
3277.64121818542
0
3396.26982688904
10999.2087478638
7943.66996097565
0
0
0
15723.0658578873
8534.47008705139
16771.2192831039
0
716.186532974243
0
0
15842.9935083389
0
7921.39813232422
10461.4155225754
0
8954.65233039856
0
0
0
0
0
0
4461.49208831787
0
0
0
0
12257.4921808243
9790.30388832092
0
11678.4479999542
0
0
0
8045.68336677551
2840.00380420685
10489.3163719177
4273.44284725189
7088.10510253906
12632.2026205063
0
10083.6729793549
0
5748.10153198242
0
0
16984.318608284
9956.0576839447
0
3760.99843597412
0
0
1896.8926820755
17333.3467922211
0
0
0
1674.07716274261
0
0
3678.29321479797
44.5681076049805
16143.0485963821
0
0
2446.51688575745
0
1707.68841171265
10317.1711788177
1756.93154144287
989.729787826538
0
0
13241.4228372574
10218.9236803055
0
8316.80837535858
0
0
0
0
0
0
8062.53826141357
0
787.290735244751
0
0
0
0
0
0
8438.8490896225
7268.76746845245
0
0
0
0
0
0
10651.4106283188
0
21984.1823959351
43506.9154977798
68278.7748184204
82275.962843895
127709.12791729
164696.693452835
170850.970683098
179235.293534279
207480.454583168
235210.585483551
243561.83541584
178759.395878792
184054.811240196
153544.999438286
128399.5448246
141150.812191963
75352.0395975113
71058.9985132217
28371.1596775055
14517.7502031326
0
0
2731.79439926147
0
0
0
0
0
0
0
0
0
0
0
0
0
0
0
0
0
0
0
0
0
0
0
1315.10411749946
104813.049234849
160584.966400959
350476.340438101
586692.148472397
1073592.51564881
1535670.17130025
2473066.52223845
3675941.24911506
5342203.51282162
7682299.59182626
9541948.42634696
13944219.12919
17329363.5427083
22164865.5007346
26792181.4768578
32569973.2031145
37087996.5504679
39833935.5590303
45902961.27236
48586994.0983434
47568222.9416579
47658512.0873911
41548114.1092154
38625074.6020908
32033122.3825582
25055129.6285913
19283176.7481319
14451224.0067534
10000783.6268071
7445719.88858244
5037406.99648628
3659013.64857384
2740457.18257554
2248728.49563952
1933599.47492607
1618868.80854458
1396507.52868158
1240199.45458621
1183971.95631938
1057937.77725403
942157.170904442
892826.096323649
842627.529274976
816881.815056236
823555.378190305
764464.988481663
660927.808969992
687816.4600953
631954.72405363
554298.786256437
587883.812734604
454101.75647008
444081.443813077
408653.646315681
381467.843496782
378072.767914631
321812.147422049
293573.33289489
281720.983200038
267138.087828954
253435.889395431
272580.63966186
243377.025937504
191367.993091407
185867.514765916
210935.44157558
211083.633564878
190773.122272774
153689.458386103
143436.825964963
120639.944026382
104784.051128176
83064.6742707712
43458.3427996812
79141.0363434686
50300.0643208115
37966.0315738961
0
0
0
0
0
0
0
0
0
0
0
0
0
0
0
0
0
0
0
0
31589.3984055519
0
0
12107.3388614655
0
0
11318.9874763489
20850.1446275711
25039.1980133057
0
0
44267.7247800827
6498.26338481903
0
30529.2887182236
0
0
0
0
0
12836.1602315903
22899.0110883713
0
0
17433.6222677231
6389.10492801666
26801.9185581207
0
39147.1498355865
1094.23350811005
6984.89864444733
0
0
0
1118.53563117981
0
0
0
14387.9727106095
0
0
19438.9728946686
0
0
13814.597281456
12313.4265003204
9662.74700164795
0
4275.31319046021
0
0
3015.15407562256
0
0
28856.6195220947
0
0
0
0
21971.7047901154
6750.46742153168
22174.5553998947
0
13293.3556365967
4392.66285419464
0
1402.04806804657
26070.9724788666
0
0
0
0
1454.8844127655
0
11058.1663513184
0
73.756067276001
19700.3324766159
0
31809.3421134949
0
9724.86324501038
0
0
0
10208.0885820389
0
0
0
17601.3337697983
12045.76304245
0
0
0
34181.7966690063
0
2616.47159862518
0
0
0
6407.98314285278
0
11950.3038396835
2810.34525966644
0
0
0
0
6394.43259429932
0
21115.7915239334
12159.427687645
0
23760.8835172653
0
19416.2590246201
20995.5924606323
0
0
0
0
12481.5809316635
0
0
6955.72061157227
1710.01042175293
4064.63892364502
0
0
7953.92159843445
17627.2251214981
0
0
0
0
0
0
23521.2153978348
6705.67515659332
0
0
0
16888.3620090485
0
8723.20766639709
11953.5135717392
17535.4092855453
28046.337020874
17824.8667583466
0
21722.1104812622
3191.12926387787
40470.8624343872
2496.29153060913
0
8607.50409698486
0
0
8489.28292179108
0
0
0
0
0
0
0
0
0
0
0
0
0
0
9244.59178543091
0
6704.16258335114
0
0
0
0
50136.5922279358
31297.0990486145
90277.6602525711
68158.9993934632
108627.036453247
175698.881749153
154002.115782738
208263.999922752
191787.073261261
198281.13889122
169378.246694565
189922.046888351
163615.048219681
150256.561588287
80806.611404419
63358.2801074982
59037.9558153153
32850.9881353378
4529.65470027924
0
5477.18952941895
0
0
0
0
0
0
7618.47360420227
0
0
0
0
4846.56379890442
0
0
22203.605430603
0
0
0
0
0
0
0
0
0
0
0
0
0
0
0
0
0
0
0
0
0
0
0
18713.2720237145
8238.17994528549
49298.4757681627
71052.0307243788
57618.4703103213
79365.9055627676
94165.0412160433
15982.4098443251
59477.2284333156
47241.3848480812
31612.5165340717
0
0
0
0
0
0
0
0
0
0
0
0
0
0
0
0
0
0
0
0
0
0
0
4216.31327152252
0
0
4241.03166675568
0
1994.36576080322
19002.4926300049
0
0
0
0
0
0
0
12568.579041481
0
0
13596.7268123627
4888.75933265686
28346.1682758331
805.19236946106
1173.71335506439
0
8321.8356962204
0
12466.9014873505
0
24691.7674074173
9181.92864227295
22446.8121242523
0
2017.46175289154
15003.1285409927
0
0
0
4595.93527889252
0
0
0
0
2129.68028736115
0
11193.9520578384
3618.90648365021
0
0
0
12412.1919002533
0
0
30281.1523981094
21576.9244112968
13349.1271867752
5820.16476726532
10636.1880578995
18941.9529275894
0
15586.5879793167
0
1709.72671127319
0
5054.51309108734
3600.88842010498
0
20942.8088665009
0
7899.95359611511
4329.13520812988
0
0
0
0
6259.53305339813
7048.03188323975
0
0
0
6175.82316493988
0
0
11765.2700834274
11260.6351690292
7290.11194896698
642.574417114258
0
0
3662.0343875885
23.693305015564
4626.51813697815
0
16840.7417173386
0
0
0
11449.4243202209
0
0
9601.91801548004
0
547.15509223938
0
15407.4251441956
0
14768.1067790985
0
0
0
13852.9731092453
0
0
9013.30317497253
13769.288693428
0
0
3844.22531795502
7572.52893924713
0
0
9907.74708938599
3310.8528547287
0
0
10530.9312267303
0
0
0
31268.4909324646
0
1566.20153427124
14049.9049959183
6824.21192932129
0
25169.8647899628
0
24115.6284828186
11878.044090271
10122.9288520813
11687.1524906158
0
1579.16881275177
12759.3239841461
0
16847.1848421097
5784.18535518646
5423.41516208649
0
0
19785.0358915329
0
1194.83009529114
0
0
0
0
0
0
0
0
0
13847.3610563278
0
0
0
0
1851.93499183655
0
2493.353764534
0
0
0
11092.2662820816
11585.6013851166
47292.541639328
37362.1014299393
34889.7980632782
42999.4798002243
37043.1747531891
56248.0431976318
38262.1373405457
58052.8175439835
35449.1598520279
18521.0064334869
21343.4904813766
19864.3935146332
1296.97143936157
6301.75064754486
0
0
1012.28801250458
0
0
0
0
0
0
0
0
0
0
0
0
0
11635.7022104263
22997.9302301407
33140.4093055725
36031.2807559967
0
0
0
0
0
0
0
0
0
0
0
0
0
0
0
0
0
0
0
0
0
4641.05840722719
10169.2828911146
36730.2503721714
56129.366885821
113867.384916385
172252.655522823
331333.359723012
480421.866705259
859561.860746145
1236240.19743268
1832726.88716372
2388806.44836426
3527166.88260976
4843175.89016612
6303873.63316274
8526546.48699061
10440480.7671119
12534926.5757957
15995578.7187251
18259308.8448594
22031054.3182509
25531724.5023624
29192292.2952209
33436820.4356089
36448556.8532547
41399949.7057532
43576826.6895602
46676412.0168959
46747618.1593934
46835582.9469199
46228958.6115426
43733304.4274772
40321824.6217439
35771206.6530449
31711035.5511404
26421589.6541271
20965133.9291853
15524457.6693924
11206270.2431586
8123104.59205786
5973389.90672978
4349473.38999033
3292058.45854561
2606730.91444333
2045837.76607299
1787977.3735439
1481856.915567
1238240.703269
1184822.26089231
1050865.52770599
965260.751974344
948248.291352908
873079.343786319
812502.326360226
796111.387638966
781026.062940915
680281.979208708
676073.702219168
605873.025644859
567091.248778343
526164.316865365
487733.326895555
453498.262304544
432589.871443431
392325.653348049
441163.214426517
399603.018059651
364633.319446882
330153.207799673
317820.90253369
272559.22907122
322476.65158844
271122.300004403
235905.025636514
274676.846549273
251572.496360938
264680.537121852
207809.513978481
205479.352182309
165972.98426946
207398.534676313
136029.576157729
152710.55269297
134247.389920235
133497.05440561
130373.801496347
95962.9387514591
123144.878698031
28065.2080479463
82654.177713871
33757.6458071867
98511.4462340673
55550.0684659481
20678.8844663302
30061.8388667901
0
0
0
0
0
0
0
0
0
0
0
0
0
0
0
0
0
0
0
0
0
0
11318.9601187706
14931.1746835709
0
2232.19266223907
0
12058.5126047134
20463.9157037735
24444.7605514526
15285.6608076096
0
15448.9111814499
13351.2208795547
0
8532.20592784882
0
0
5909.93145370483
0
0
22034.4877376556
0
147.300233840942
0
2756.16842079163
12673.6602811813
0
0
0
0
4001.86300468445
0
19378.5286121368
28578.6220817566
14044.6540060043
50199.2386798859
0
17513.0320739746
0
0
0
0
894.418741226196
0
0
3702.05360794067
5644.12521743774
0
0
0
0
0
0
0
0
0
0
0
0
13273.1373128891
0
0
22852.8298692703
4502.42953205109
7817.87372493744
28752.7572927475
66683.5068407059
34570.2434558868
49864.6920280457
76944.7606048584
56823.1101722718
43608.6973056793
28321.873210907
42273.5212316513
21586.1091747284
1822.36285877228
0
19224.326292038
12957.2648658752
1207.09711742401
3385.93647193909
0
0
0
36324.5407590866
0
0
0
4148.84665584564
0
0
0
0
0
845.335443496704
0
9314.25133323669
0
0
0
0
0
0
13459.5555744171
8316.42320919037
0
0
10164.8824796677
0
1111.82050132751
0
4262.3769493103
0
8566.15462779999
0
0
2462.97635173798
0
0
20269.6711206436
0
0
0
297.489231109619
9141.39145088196
0
13750.7766332626
14469.1063909531
21622.4519910812
10069.1041965485
0
27486.2507867813
161.329551696777
0
5585.90163135529
17102.937289238
4880.50858688354
0
0
0
0
0
22138.1302509308
0
0
0
26564.105340004
3484.28770923615
0
0
6208.74089336395
0
5135.58846473694
2698.11423110962
0
1356.83874607086
3883.97764873505
18817.4107961655
8.95512866973877
0
0
9360.02186965942
0
11501.560544014
5483.05399799347
0
0
0
0
4765.25092220306
0
14811.6337471008
17616.4781589508
0
0
0
17541.5248203278
0
13168.8974370956
0
0
8816.74329948425
4715.33934783936
38850.0707893372
0
0
0
0
8011.20354652405
4324.28187179565
11239.3312015533
0
3230.5847568512
0
7015.60350227356
0
4797.59881210327
0
0
0
0
14648.8824825287
0
0
3329.5085849762
0
0
0
0
0
3329.22652816772
7862.28905487061
0
2332.0766582489
0
0
0
15524.9201774597
0
0
3118.25841140747
4784.39599227905
9368.02024269104
14197.2320575714
33878.2672996521
3805.00062465668
5142.56717777252
29642.4876909256
14974.7597770691
21418.0463495255
35480.8250265121
8449.6676530838
40883.5910043716
19862.7395324707
0
20588.595448494
0
0
410.118362426758
0
0
0
0
0
0
0
0
0
0
0
0
0
1663.98425006866
0
14628.5190925598
19556.2680492401
16261.8098363876
7295.18008995056
1203.7157907486
21655.4977149963
25653.3777675629
10756.8948459625
19995.2323732376
15822.0549249649
11165.011838913
0
2016.32477760315
0
0
12131.3278646469
0
0
113.448926925659
26327.3856697083
0
0
7309.05310440063
619.583934783936
3660.74737548828
0
15660.2488336563
0
5081.31234073639
15015.1361351013
8595.13871574402
0
780.878897666931
0
3004.83622455597
0
0
3948.71263027191
3612.52635765076
400.487299919128
0
2253.79436302185
0
0
0
0
2790.89050388336
18126.6393260956
0
0
9484.24447536469
5480.49742555618
0
6090.51680850983
21012.9716377258
0
807.656406402588
0
4559.02667713165
0
987.342889785767
19997.980588913
0
0
2179.84098815918
6757.34164810181
0
8025.0750169754
0
0
2547.91135072708
0
692.640755653381
1676.48935985565
0
0
0
0
9176.37449645996
19595.0335702896
3441.06539154053
2237.25228404999
0
2288.99740505219
2542.63135814667
0
0
0
0
0
0
0
2292.78120326996
1875.33759307861
1696.80260372162
12771.5477647781
0
0
0
0
10061.4332380295
3530.29034614563
9030.10641670227
7171.88123130798
0
9113.45034885406
3864.62518596649
2091.47221469879
3282.56450271606
0
11257.6200942993
0
0
9257.58008480072
0
0
0
7951.06977748871
0
16239.2767152786
0
0
1655.62410354614
4913.67648124695
7288.86399269104
0
0
0
11064.8913431168
0
5542.91999530792
12961.4711723328
1686.70399570465
0
0
12369.869805336
16450.6585626602
21435.8495779037
0
8536.73543930054
0
0
0
0
4596.07462882996
0
22864.8981723785
0
0
0
0
3912.72682762146
3821.62591266632
10202.0493488312
0
0
22715.5950164795
0
0
12558.4006919861
5404.02727985382
31676.9784536362
0
4005.95153808594
0
0
0
0
6772.66887187958
0
5972.55482387543
0
7572.88808250427
12105.4125499725
0
0
0
0
6190.45177459717
0
0
0
20516.8573875427
2302.95166969299
12478.5228509903
0
0
9426.80174636841
0
11019.1280441284
0
0
9059.12665939331
0
10992.0671920776
20498.7060422897
5585.59288883209
9229.63072013855
11430.798869133
0
0
6044.90604496002
15770.2891492844
2356.54753780365
12099.5786075592
0
4734.85304355621
0
0
0
0
16155.0590629578
7635.43947505951
0
18324.083530426
5310.07444381714
0
0
0
0
6718.20975112915
0
10618.3966255188
0
0
914.229915618896
0
3927.67313194275
3685.76284217834
0
13618.003370285
5090.86623954773
6648.3645029068
16318.3229045868
0
0
673.464859008789
542.35964012146
2419.28711414337
0
0
0
0
2563.64579296112
0
1141.65856742859
0
112.68883895874
0
0
0
21.1697196960449
0
20587.1344661713
9158.64764690399
0
0
13794.1616621017
5840.05000019073
8237.91992664337
1194.58513832092
0
12554.2569351196
13585.5326662064
0
1253.38131332397
0
0
0
0
12395.4234046936
0
2611.92043972015
8875.60118579865
0
0
7310.92393112183
0
0
0
6040.83494949341
5901.47284221649
0
18332.9925909042
5987.54880523682
6807.58728885651
0
18612.6006622314
9205.24405670166
13873.1324944496
2409.58782863617
477.069103240967
3.52880096435547
0
0
0
0
4731.45983982086
0
0
7333.696393013
0
0
287.351855278015
0
12923.0256233215
0
0
18854.4390621185
13390.9937086105
0
0
518.937792778015
0
3058.93674659729
10424.1900691986
0
0
12204.9223995209
23029.510430336
1983.20219516754
0
0
16706.6910171509
0
13198.2726020813
0
0
0
9856.40841197968
0
4325.0419921875
5744.56536102295
9269.30498790741
0
0
0
0
0
0
0
0
0
0
0
0
0
0
0
0
0
0
0
0
0
0
0
0
2925.24927184799
607.358485178527
35578.3327411955
44217.1965712634
69233.7819885124
89371.6623133313
159298.2840341
242369.56784231
325369.886701866
426232.1068485
494085.244042635
668579.189208724
783006.933117108
1002653.51743
1089257.07470051
1372443.17819751
1522415.38935481
1695000.5273138
1940752.73562724
1863211.08918814
2124082.12168696
2100664.09203577
2141913.75372503
2054416.76047368
2037447.22900575
1971269.97226563
1791560.6356038
1657066.20589768
1391625.02491364
1318861.24229938
1117472.22375183
967747.180748246
738703.137851477
665648.779321887
462073.435474114
401486.550901586
270047.633556041
178306.356268059
183634.964079488
101570.810911265
68683.7548461611
37084.9892988638
20215.9420771815
0
0
0
0
0
0
0
0
0
0
0
0
0
0
0
0
0
0
0
0
0
640.13440322876
0
0
0
0
0
0
0
5391.94835758209
0
0
4532.49656772614
0
0
13437.6294336319
5396.12930011749
15577.286356926
9853.89133739471
0
0
10834.1935434341
0
0
19016.9243927002
22257.1620349884
0
0
0
0
0
0
0
25291.0998945236
0
0
7018.4822063446
31636.9996385574
5630.06108474731
12872.7748880386
0
0
3126.54416847229
0
0
0
0
0
0
0
0
0
0
0
0
0
0
0
0
0
0
0
0
0
0
0
0
10817.1584364772
761.252274304628
49010.7502478361
63881.786714524
90778.9549332261
147474.006147534
143286.95509553
202331.859916061
263970.617747724
314669.852375537
395987.632475495
408350.392514914
447818.781486332
535437.855259806
537487.820354462
508259.84487161
535030.179312885
522880.228004724
519881.462215781
431963.322791547
420722.604738772
393542.824661881
283994.631144285
251289.220830768
197821.708216608
158467.905216247
101122.833965421
87423.446980685
75920.3797000051
2112.85181942582
0
0
0
0
0
0
0
0
0
0
0
0
0
0
0
0
0
0
0
0
0
0
0
0
4380.21714401245
1543.61793899536
0
0
0
0
0
1273.90210056305
0
0
6774.67774677277
17581.2395181656
11027.1530227661
0
0
6583.92162322998
0
706.878611564636
0
14761.8419542313
7384.36768627167
12798.8179950714
27749.5049495697
18898.3787746429
18241.0140352249
0
18511.7058296204
7519.4961977005
0
0
3290.49999523163
0
2085.62677669525
20330.3951997757
0
0
0
6209.06813621521
0
0
0
0
0
0
3894.19764137268
5994.81488609314
0
13054.2283945084
0
2060.27103328705
3895.59542369843
0
10700.7273082733
11441.7846183777
10495.3737783432
1924.76655387878
0
0
0
0
0
1044.45900344849
11017.2028512955
0
0
0
4581.96814250946
0
0
0
6500.32806682587
2288.34511852264
0
0
0
1410.74360466003
0
8538.61996841431
7323.76215362549
1797.10089302063
0
592.749315261841
1321.31153678894
0
919.031005859375
0
2669.83582305908
8136.78004932404
0
0
14826.4139156342
0
346.584131240845
0
0
0
6786.35914707184
0
29911.7042541504
0
4998.75773239136
3778.97607803345
0
4542.42071437836
1775.32562923431
10252.5777254105
15281.1509628296
0
0
15913.11947155
0
0
0
9474.69914913177
21109.2919378281
13408.3113126755
0
9202.42886066437
0
0
0
3620.29727888107
0
0
0
10366.8771848679
3175.94174385071
0
10420.1804113388
0
0
0
0
0
0
0
0
0
0
0
0
8756.56868457794
5143.22964000702
0
0
0
0
0
0
0
0
0
0
0
0
0
0
0
0
0
0
0
0
0
0
22532.7912475702
34521.0302746946
49214.849406647
66834.6308589271
131617.991165768
153325.815800421
237033.26604638
356681.139345126
543953.693702756
686107.230896155
974394.205389283
1263363.71308077
1878672.38115643
2448391.51259765
2848544.44845838
3631189.36064987
4230429.44588939
5101275.92483045
5746524.68272698
6402286.91329787
7425786.15296014
8151354.81960195
8666197.06653552
8545075.94442811
8801639.6315868
8863551.5798844
8617524.3770828
8256892.29915722
7669089.32836598
7003917.20835427
6266561.6140789
5399702.67865515
4731531.4774004
4060255.69556113
3305205.93043978
2588656.29162877
2122825.61362269
1678202.31213106
1422169.60257744
1122131.96305499
873715.799125151
670400.226748048
564177.802666346
450873.100872777
361983.628166083
340382.685141549
297182.159732429
248054.146051595
190371.88615351
216385.768237504
163679.806974902
163622.967261907
180082.436951377
105969.847770532
95095.248516025
101071.972986265
69507.9859496608
71416.9083654953
54646.1373971592
83940.6887449929
71477.7441592939
20116.4209830111
41785.0832727317
25581.1911524715
0
12470.8653920492
33473.4537598292
28494.0635614395
24805.0851243337
34939.2057968775
49156.1039123535
56766.6807378133
81057.9250361125
100049.427610397
92040.3511975607
146358.624617259
168764.791107178
207396.661830266
217211.46677796
257891.176130295
297946.353366216
336418.171607653
385566.502571583
419765.514129003
443754.076916377
475035.260819435
460687.614302953
515629.934931437
469038.006844521
449976.993129094
420770.648705165
403196.271200657
398192.586441358
298976.266373316
253789.057125092
240604.690043767
195635.368506114
158887.63133812
162103.280601819
119610.281732241
76444.922952652
57771.0039571126
13202.8131052653
55139.2057609558
9847.80617936453
4438.31844345728
0
0
0
0
0
0
0
0
0
0
0
0
0
0
0
0
0
0
0
0
15164.1613826752
16501.8023033142
7273.73403930664
0
5189.38412380219
2781.57350254059
23809.4099397659
5812.03019618988
27715.6635255814
10777.3338527679
17341.5999908447
4604.08150100708
15833.5178394318
957.867339134216
13929.3577785492
8278.87314987183
14203.8060560226
5414.86589622498
0
0
0
0
0
0
0
5307.59997844696
0
1587.20448875427
0
0
0
12462.9265460968
0
0
9031.86854839325
6592.7325258255
11035.4305591583
0
10094.8755531311
0
9472.70058917999
26990.2505683899
8223.37770080566
15336.0106544495
0
36927.4703855515
0
11830.9561843872
0
0
0
0
0
0
0
0
0
3811.42211914063
0
5423.64260673523
0
0
0
27763.2657518387
15289.2155170441
17222.6604127884
13731.6178970337
13162.0187520981
0
10023.9866018295
10670.3455920219
18862.3476428986
6249.33435249329
6385.24643707275
9551.34507465363
7387.28452682495
0
10447.2420406342
0
0
0
0
14351.1508045197
427.535995483398
0
5483.64902114868
3372.63268947601
0
0
0
0
1027.83587169647
8741.31705474854
7016.15612411499
0
0
0
0
0
4813.69044017792
0
0
3013.03342342377
14467.280090332
12667.150384903
2292.23230552673
0
7216.98978233337
0
0
42.6126365661621
23095.1262874603
8283.57803726196
1742.58654022217
0
0
1414.46828079224
11613.1525945663
0
0
3712.19180297852
0
0
0
319.698801040649
4071.76615810394
0
0
0
14490.521686554
0
0
5871.94242286682
6257.69165039063
0
13196.4242401123
3097.85687303543
7234.60310173035
0
8897.29351615906
0
6457.35393238068
0
0
0
0
0
6920.6620721817
0
3504.53587341309
0
5273.7935667038
16252.8287401199
6014.55895709991
5958.16907024384
9472.36515235901
0
0
4747.55550098419
0
12325.2110128403
0
15811.3216199875
14407.1245470047
4417.71253967285
0
0
7000.86571598053
3801.09305763245
0
0
0
0
0
9764.66625595093
3126.59582042694
0
19562.7805280685
0
0
3012.18613815308
0
0
12400.8001351357
7391.02300739288
6919.82828617096
0
0
0
9906.6302022934
0
12056.9371290207
0
12113.9393520355
4378.61588287354
0
0
4219.4512052536
0
0
0
5966.07016849518
1041.19918441772
0
0
18437.2115020752
7834.29168319702
16699.0523061752
0
0
1329.7450504303
14932.0640897751
0
6085.16277694702
0
12299.0883388519
0
10350.7256879807
0
8048.29089450836
0
0
19036.7279844284
5124.80771160126
0
0
0
0
4115.50363922119
7466.03809165955
201.576107978821
0
16731.6509141922
8087.32894706726
0
14632.9907417297
0
818.214183807373
0
4285.94524765015
0
0
3014.10020542145
2093.65191745758
0
9748.05139732361
0
4831.99173641205
0
0
0
0
915.6320104599
6843.42017650604
0
2078.17460346222
0
0
0
0
0
0
0
0
0
0
0
0
0
0
0
0
0
0
0
0
0
0
4751.29203482236
0
6067.5968727224
22753.0840671203
59653.8073416878
53941.4174742418
74127.4718816982
75981.8959180607
121322.946462182
116748.312941439
120272.324586139
137033.164258564
189528.621885244
196843.772380156
183579.232730529
237009.584817886
220892.705907205
194159.504832941
212223.078684863
226380.810000812
213415.816599622
178193.564341657
175373.221776457
111494.956368278
109054.739320923
95383.1007590574
105502.476224787
85320.5176327088
59787.5121189005
37437.2763747608
27434.4794915143
11246.7912584754
0
0
0
0
0
0
0
0
0
0
0
0
0
0
0
0
0
0
0
0
0
4334.52491950989
5395.05547618866
0
0
0
0
0
10936.2109766006
11396.122713089
6305.49222373962
12659.4818563461
0
0
11088.5527038574
0
0
0
10260.2284517288
0
0
0
0
0
0
0
0
0
0
9768.38302135468
0
0
0
3746.34107589722
0
7012.86002826691
0
24095.5050563812
23680.4530448914
17982.7092871666
0
14675.6482505798
23458.0946464539
17469.4005317688
29859.8205051422
6000.19159126282
30819.740275383
18464.1240310669
7506.89319419861
7726.320728302
30092.1265029907
4197.72749710083
13394.6367301941
5139.84337234497
0
0
0
0
8409.30879402161
0
0
0
0
0
0
0
0
0
0
0
0
0
0
2062.67664718628
0
1863.66788959503
11735.2282361984
5866.2844877243
6002.06690597534
2831.87470436096
0
6442.95917510986
0
11096.0454063416
21128.7017631531
35694.7399244308
14023.3173246384
11048.9490528107
0
16004.1516571045
25484.5511417389
19949.1436700821
0
0
0
0
0
0
0
0
0
0
0
0
0
0
0
0
0
0
0
0
0
0
0
8207.28203209866
0
15068.2027735549
18618.5605403707
71556.140894772
76739.7055259447
145946.768788595
250904.490075079
351760.663212455
522449.78623806
765910.764603668
1194212.72744727
1662174.04689355
2240935.0763122
3036127.90255722
4146710.1829677
5312837.77884506
6951110.60858339
8738993.92982924
10735932.2784646
12985975.6640167
15411132.9414451
18452768.8077778
22017828.3015023
25355873.8882969
29097039.5823951
32703674.487838
35705097.1054524
37099469.4123236
38713383.0548556
38920005.2288799
37591748.552314
36613489.3805937
34731205.297494
30869460.9230917
27535653.974566
24115182.5821115
20410081.776038
16769403.1077686
13153021.1983845
10071215.1504087
7740447.4306952
5825845.61702952
4296921.56201796
3411872.817456
2564625.58489174
1980213.67024482
1615100.90897544
1340851.86133149
1095580.48850367
965664.564430162
839208.910443895
817966.424827876
651314.850852977
581380.911332806
577411.928214459
562855.913460828
517918.580854223
422021.926370139
449476.043893043
413548.052515876
396350.106371483
351352.952700883
321052.246997812
346260.773231196
270075.941811915
281447.659268443
259840.498711361
216470.67691084
226247.266765268
182417.853179792
207982.96505313
151393.881759879
149124.148644394
134923.59135212
132957.216263139
115383.103499445
71385.2125623039
57846.9625477094
86740.8297969089
44289.4028814508
15308.3538422745
29628.6177150855
19040.0979718305
19638.7691999499
0
0
0
0
0
0
0
0
0
0
0
0
0
0
0
0
0
0
0
0
0
0
11908.1523532868
3162.20362377167
0
0
0
9981.81060695648
16872.7566947937
0
25010.8974628448
0
0
21524.5149717331
9098.51853752136
0
2348.76768302917
29497.1504573822
13615.5748710632
0
0
0
0
0
10362.6549348831
8074.61209869385
5449.20395946503
0
6633.22819137573
16673.6250715256
0
0
0
0
0
15051.3059940338
0
0
0
0
0
0
0
0
0
13625.3945293427
10533.0365304947
7841.8988237381
34133.2266483307
0
3199.43112754822
0
0
0
29905.9872398376
0
2734.71289348602
0
0
1339.34727478027
0
7347.24628067017
2163.40562820435
0
0
0
0
13487.5593900681
1319.98176288605
0
0
11254.3506755829
5981.42625617981
8029.60208415985
7826.14206981659
6274.00244903564
2115.56598472595
4082.53929138184
0
16245.9018259048
17816.1200246811
0
0
0
1153.14402389526
4531.15602970123
98.7330589294434
0
30481.0732421875
0
0
0
0
0
0
6468.39359092712
0
12545.9044151306
6978.43429470062
0
0
7689.64528656006
13817.8715181351
0
3036.68159484863
9441.92413902283
0
0
5487.13970994949
0
502.735692024231
0
12011.489525795
14249.7640666962
0
2551.77994060516
21034.1268396378
0
23695.0180711746
0
0
10029.9731559753
7846.37790489197
725.485189437866
26280.967880249
0
0
0
411.647556304932
0
0
0
0
0
0
16965.0900859833
6471.3477563858
2727.9510345459
14925.173992157
0
7696.60478210449
4587.5545425415
0
8031.80385017395
3492.87114524841
0
1081.3402671814
5649.6953830719
0
0
20446.1618595123
0
0
0
0
0
4877.3917093277
0
12173.2074403763
6735.06602859497
0
0
21890.8998937607
6931.10212421417
4940.79257392883
0
0
12737.1878967285
0
0
9108.65212535858
0
8474.52950572968
9402.55031108856
0
5301.70302963257
5473.0424323082
7712.13375282288
0
0
8351.37693119049
0
0
642.395712852478
9194.70002555847
0
12978.8479623795
10166.4330883026
151.742248535156
0
542.358203887939
5209.89444923401
0
20964.3925571442
1863.81433868408
0
0
0
18648.3395166397
0
1319.49911594391
0
15186.0423898697
0
12538.946267128
0
1750.82740974426
11277.0205192566
0
4886.34106445313
12385.8123807907
0
10336.8423013687
1759.11251831055
1318.50689697266
10077.9084711075
0
4484.41596889496
0
0
2227.24582290649
600.222687721252
0
0
0
0
25011.8890266418
9237.49465942383
0
6471.78890228271
0
2842.14495944977
0
8649.11729621887
0
0
0
0
232.256790161133
0
0
9142.01669025421
5832.88005161285
12750.8648796082
7555.13877296448
7393.41537380219
4761.33476448059
4873.32036209106
13193.9452943802
0
0
0
1357.75347328186
0
0
6141.47923469543
8489.87461948395
0
0
15156.7630290985
6889.10804843903
0
30.6645860671997
10198.1641016006
0
16185.2476034164
4152.62603378296
2604.97826623917
1016.88696098328
0
0
0
0
0
15703.6532993317
0
0
11536.1537494659
4131.10083675385
3247.74981784821
0
0
0
214.264015197754
0
0
16228.7834300995
20026.1851606369
0
8838.85333633423
1816.09069442749
0
0
0
0
0
22459.0369110107
0
0
0
2781.09125137329
0
3518.1601896286
3202.4896812439
0
2431.39001989365
22636.4915628433
0
0
17509.724067688
0
0
20292.9065198898
9958.24174213409
2352.11217594147
0
18740.0153884888
2119.72086524963
1020.24732208252
0
0
0
14375.5251774788
10113.4485702515
9262.44810581207
0
4680.79539966583
11764.5647974014
10002.457075119
2239.50981521606
0
0
0
9565.24357700348
23624.1350641251
0
0
0
2155.10114192963
0
0
0
0
0
10696.6457223892
0
12534.941742897
13373.756149292
0
298.21773815155
4414.32410907745
16609.788359642
0
0
3565.23099040985
0
7594.98033809662
0
9214.69075584412
0
3994.7369594574
9682.58542156219
0
0
12480.8081445694
0
0
11133.1799516678
0
8101.90309715271
11470.1622781754
11764.5613794327
7482.55266857147
0
6639.09030818939
0
1778.75990581512
911.843027114868
0
0
0
0
0
0
0
0
0
0
0
3264.89053821564
0
0
9085.80595874786
12911.3282880783
10638.065735817
3692.98467254639
45598.7909612656
52038.6182126999
66645.7707548141
42057.6220331192
60062.1289949417
63585.651966095
95161.982457161
88906.1290655136
101256.418566704
29375.5778989792
64569.4314117432
42720.3991937637
29376.0611724854
35551.3975372314
14213.9211683273
15997.5757799149
0
0
0
0
11749.0775079727
0
0
0
0
0
5904.51369285584
0
0
0
0
0
0
0
0
0
0
0
0
0
0
0
0
0
0
0
0
0
5730.23772013187
0
15569.3610504866
25064.2047686577
29061.7648764849
52389.5049512386
86570.8184140921
101886.168577194
122999.526708245
138647.148662806
201826.561550975
218948.440577984
247244.345175862
276250.50323844
309426.421804786
332056.874585152
351948.566834092
355209.706700563
336049.631386638
292905.563133717
281488.006845593
274577.264073133
237103.500032783
211226.501850128
169090.282293916
126300.077173471
119761.692490459
106732.595839977
56601.4007722139
14423.9057815075
20611.7110980749
0
0
0
0
0
0
0
0
0
0
0
0
0
0
0
0
0
0
0
0
0
5363.79548835754
0
0
5713.90534687042
1357.65752696991
9498.44968509674
0
0
10447.2963075638
0
0
0
0
5784.49958515167
16337.9197149277
0
0
6233.94736862183
0
0
25104.5110883713
0
2426.09018611908
0
13867.1644182205
8056.12057876587
0
0
0
12291.1330595016
669.769206047058
12567.8687524796
20402.7120494843
0
17817.4679718018
0
0
0
0
0
0
0
0
0
0
0
0
0
0
0
0
0
0
0
0
0
0
27099.8142407865
11380.5868091778
16907.3532130183
52466.9033301996
45975.2654705437
141469.267272677
194125.979329479
363304.586865484
508219.165928588
772036.680537613
1127968.67395504
1738113.36040092
2507499.02146857
3434212.40894423
4506829.25789716
6010318.42643113
8143156.78239262
10151540.5705049
12748889.6836981
16478671.489915
20263223.3606766
23958517.6526742
27508235.7831155
31752305.3022555
35394507.8214183
39338264.9477455
44674882.6035813
49286296.3105417
50406400.7581045
54612515.5039347
52641358.2810836
53009861.9970152
49919072.7660665
47212514.9455715
41406660.1869528
37754776.0044307
32705606.1785885
27530165.0972436
21519791.1842918
16317792.6662432
12683525.3422282
9437300.11434456
6971400.40763629
5205269.25783568
3877032.4975662
3107859.36507097
2411334.92513688
1884586.89232826
1573040.6258084
1369229.92303691
1265048.65226366
1031931.72982282
954111.452166907
887020.174157182
779807.209283556
771814.285294903
723337.619509755
678083.290661559
626175.330108078
587555.350453455
579581.750850444
475647.465177945
478119.500398733
466570.148315216
415840.717400025
416377.734492419
357701.891925617
359775.566589803
341523.560548919
318243.858006302
309914.183895578
224914.31402222
258354.1633242
264572.805896292
221695.181480583
192835.202500207
174374.50353673
190543.201034741
158678.258984926
157383.592463065
121590.69473288
108036.12919607
95797.6939569201
104981.359081502
91718.3105735
73506.5563035887
99192.8629400876
47855.0306252849
63430.031303036
36457.576150213
56530.4429416267
49166.8691040351
89611.8374980032
57329.9797439381
20368.7660109072
0
0
0
0
0
0
0
0
0
0
0
0
0
0
0
0
0
0
0
0
0
0
11597.9923915863
8277.5226020813
17280.7159347534
0
0
0
0
14513.0875005722
707.738062858582
4109.12946510315
0
20075.5465526581
393.283343315125
0
7688.63467121124
2361.73100566864
0
0
6040.21664714813
0
0
0
12502.1536331177
10944.6558380127
0
0
0
0
0
810.677689552307
0
0
8347.47518062592
0
16408.7678556442
9784.01713371277
0
0
0
0
0
0
4501.55039405823
0
0
9909.56712532043
7675.32275485992
2726.5908164978
0
0
5684.49040794373
0
450.874374389648
13573.871006012
0
0
22515.4138660431
2101.50226306915
11576.6689224243
0
0
0
0
0
0
0
0
0
0
0
0
0
0
0
0
0
0
0
0
0
0
0
10175.3596951962
0
13771.2136436304
42674.0888791084
21012.9720062415
63165.18886741
53411.0679790974
78850.6657010714
104733.648915847
114093.280621529
152818.120373646
169404.646764596
200593.533274412
235280.742478053
237682.64386042
249733.028557301
299995.510142724
271785.218715032
279661.506709337
238386.497040431
190122.933676799
191136.599648476
149552.51815025
150928.997599443
119739.29125762
107557.597395579
81054.7315593561
75402.4172558784
62977.7089628378
45098.1122964223
43310.1897909641
29288.2868835131
26100.9401112398
0
0
0
0
0
0
0
0
0
0
0
0
0
0
0
0
0
0
0
0
4795.47440910339
6098.90899419785
1431.39723825455
0
7141.18912220001
0
2867.66082954407
0
1613.24974632263
5582.00147438049
0
1373.50995635986
3998.82975769043
0
3616.7886929512
0
6364.71774530411
0
0
0
0
6328.20684432983
20938.6363401413
0
0
0
3047.28042411804
0
3877.78648757935
0
9299.31889820099
0
6292.64837837219
0
0
1344.28819274902
0
7767.48028564453
19275.882142067
16498.2595567703
519.68018913269
0
6780.99635219574
18031.5349388123
18167.4319734573
5839.32337093353
0
24375.4213705063
0
19302.8802137375
0
0
0
11121.2907972336
953.961176872253
10573.1204156876
0
0
6097.16928577423
0
0
5970.20539093018
0
0
0
0
0
6975.65520191193
15813.636554718
8114.3202123642
6852.31030082703
0
0
5376.96733570099
0
22546.8400287628
0
0
411.172717094421
0
6793.03973674774
2525.14126396179
0
30313.3448009491
820.80747795105
0
13875.8134479523
4939.08923625946
0
0
0
604.184553146362
5434.05581378937
14008.9608888626
0
0
0
2536.33295249939
0
1372.567694664
0
0
0
19212.9102067947
16651.2802410126
19341.1533946991
2402.48554039001
0
36325.8707666397
0
0
6984.98671150208
0
3968.51147079468
6587.49201869965
0
5920.79379749298
1563.69001102448
0
0
0
0
0
0
0
0
0
9280.83275222778
19472.9061546326
6636.72634601593
4328.46378612518
0
7620.30460548401
3965.15554523468
0
22244.8899412155
14431.2851543427
0
1864.60571861267
0
12986.3788042068
15195.9354705811
0
1621.60041618347
0
0
0
0
0
0
0
3445.85600757599
7871.04399490356
0
0
0
0
7106.48202323914
0
0
0
0
10338.6180353165
11939.0244235992
0
0
0
99.8230323791504
18882.4650650024
0
0
0
10648.2935118675
3719.55145835876
1075.36796283722
27761.1646547318
23028.6856350899
3278.93667411804
0
0
0
4227.77520370483
4591.91418838501
0
15434.2116947174
1778.07690429688
0
0
755.330561637878
13759.1173291206
0
1493.27409744263
0
8739.95080947876
0
0
16554.0937366486
15417.3150367737
8474.50256156921
943.494091033936
10586.719438076
0
0
4898.17818832397
0
0
2034.32758569717
0
3572.45682239532
0
9040.8151807785
0
0
14477.5037698746
0
3964.25519657135
0
0
10680.2658557892
19465.8626952171
14967.179769516
1600.95761203766
15188.0062742233
0
5616.83477020264
916.135338783264
0
0
0
10897.4167861938
11686.7400608063
0
0
0
5015.16407680511
33875.4776544571
406.859895706177
11598.4908189774
0
0
9150.72428226471
2383.11254692078
6795.72012233734
0
0
0
0
15557.878068924
0
0
0
3811.4815120697
7594.05569505692
0
0
0
11609.285402298
7933.69277667999
0
0
3172.1816778183
1026.9257516861
4941.0066947937
23520.4477872849
7847.14026069641
7732.35756587982
5822.17558860779
0
10207.8396034241
0
0
0
0
0
0
7801.31931495667
0
9107.63882827759
29588.4801111221
11850.0216884613
179.869456291199
11192.5784263611
0
0
0
0
0
8241.00336647034
2178.37770366669
18860.9958095551
8653.03921794891
0
0
0
8563.83341407776
0
0
0
4730.81643486023
0
0
24434.1103591919
8185.51051235199
0
0
0
0
0
18863.0251140594
3360.0273399353
0
14813.9066781998
3791.24168014526
0
0
0
0
4434.18208408356
3991.99931907654
0
2670.33988857269
0
1393.1799697876
8034.16287612915
0
35178.3972358704
0
0
20843.6078662872
9243.4075756073
12843.4807806015
0
19985.2905225754
2605.97937774658
0
106.078456878662
6791.21738290787
6140.60870456696
10414.7524347305
22618.4397125244
14137.1835231781
0
14273.6405472755
0
0
0
1846.95090770721
0
7847.63481998444
0
0
0
0
0
0
9526.31805801392
0
0
0
0
16918.5715236664
6045.27886581421
0
4406.98620414734
6113.82072257996
4414.14372110367
9336.36809253693
0
0
0
2691.00068855286
0
0
28957.4859991074
0
0
11158.0051336288
0
0
6691.98488044739
2767.49369430542
12127.1739244461
0
0
21989.7542924881
4506.22383403778
7496.99006748199
2069.54500007629
12683.0935678482
0
0
0
10754.9925251007
0
10705.1042871475
0
33.6243267059326
0
0
1467.82777118683
3792.70897960663
0
0
1996.90836000443
0
25865.6613740921
4714.47198677063
0
0
0
0
13945.8768458366
0
0
3536.09363174438
0
15832.9041948318
1280.49204730988
5208.59929275513
0
0
0
0
0
0
0
6176.14536190033
112.273764610291
926.063529014587
6904.25798511505
9212.51885128021
2368.73889923096
7103.80014228821
0
0
26233.6767015457
24007.781036377
23842.9016246796
6677.70304870605
15733.4826984406
22401.4229946136
20388.6390867233
0
0
0
0
17958.6447048187
0
0
0
0
0
6589.46150350571
0
0
0
2105.20178508759
0
0
0
1687.82840824127
0
0
0
0
175.08512878418
4631.63163089752
0
0
0
11481.2869634628
0
21992.7566957474
0
0
9952.19794750214
9286.12986755371
28088.7464466095
15089.3711862564
0
21789.0908622742
54087.6574583054
39940.9109354019
37243.8101940155
49190.5740966797
45018.3410820961
50883.3730564117
56622.0715408325
15819.4461097717
17627.3029327393
16322.265838623
8882.46496582031
1434.03542613983
5271.62095355988
0
0
0
15578.9997797012
26023.2458763123
14623.0754899979
0
8487.67299175262
0
0
0
0
0
0
9592.13860607147
13489.3247413635
0
6599.47235584259
3023.31300735474
17637.5934686661
0
0
15291.6179285049
0
11538.3367509842
0
2.86065101623535
0
0
0
9626.47887516022
3380.92075538635
0
2745.72075462341
0
3595.56058883667
0
0
0
0
4650.36149787903
8548.59103679657
2289.50698280334
0
13564.4884214401
2063.21922683716
0
0
0
1090.98342895508
13192.3725862503
0
875.00622844696
0
23733.9241228104
830.95868396759
9727.85396766663
0
0
6389.10064792633
0
0
0
127.162612915039
0
0
0
17544.5501728058
9548.41089630127
5996.84940719604
24355.9108095169
0
0
3715.10368919373
9311.33334350586
16237.4295186996
2872.29092073441
0
0
0
1949.63432693481
0
217.49293422699
37612.0527572632
0
0
0
4117.63322162628
0
10440.074341774
0
0
23011.6926259995
5763.33877944946
0
0
8586.22400569916
3966.48406887054
7040.37316608429
0
0
5388.7667016983
0
11952.3152179718
0
6265.77258586884
0
0
0
0
23618.0184526443
0
4063.5439491272
16770.8533468246
0
0
16520.4614400864
6557.0943479538
0
0
15681.6383638382
0
0
1521.36621570587
12623.3831920624
8512.41811943054
12950.039068222
0
51.8345232009888
6931.80860137939
0
6461.31931304932
0
0
2578.6147518158
12542.5169887543
0
0
10923.8377733231
17963.1997804642
0
0
0
0
926.549385070801
11340.3008537292
12476.569316864
0
0
0
9830.48137760162
15598.3538331985
0
0
6074.06838321686
0
3649.25858020782
0
0
0
0
0
3399.19539833069
7666.37619590759
0
0
19977.7791833878
0
0
0
12703.0349378586
0
7617.77922821045
0
11539.5435361862
0
0
16679.3997621536
11935.7192869186
23943.9456357956
20996.1239833832
2815.86756134033
0
3502.83312797546
5021.94165229797
17895.0512685776
5256.15147018433
1640.29012966156
0
0
0
0
2498.76210260391
0
0
9945.27262401581
0
133.593456268311
0
0
1132.66787815094
0
7348.83895301819
0
18698.5939970016
5003.12990665436
0
0
0
0
0
11987.1860513687
8892.05807209015
0
568.476133346558
0
29564.4620409012
0
19364.5969362259
19108.0565862656
0
0
13632.5561189651
0
8325.51710700989
2342.68383216858
0
0
0
4708.88329219818
0
0
7711.27996349335
0
18033.8589229584
10693.1884489059
0
0
0
0
1168.09112644196
7690.12270069122
9978.91627216339
0
12546.2513198853
0
13099.5560512543
3930.72697544098
0
2740.60840320587
0
0
8824.35956859589
5796.6233997345
5139.44003629684
3588.64203834534
0
10494.5708522797
6353.57187175751
8283.63596630096
0
0
0
0
0
0
10815.0870218277
13235.1005096436
9130.45066261292
13140.7105827332
0
6932.25448513031
0
0
0
0
0
12853.8935499191
25.5051679611206
2790.45990848541
13846.1134634018
0
0
3197.82651805878
22211.3690710068
0
0
0
0
0
15576.2889699936
0
2042.37718677521
1657.42178344727
6690.63568687439
8337.94178581238
0
0
11872.3654031754
1767.35981464386
26938.8166542053
13234.8557958603
0
0
243.017434120178
0
6826.67845010757
7592.36537456512
0
0
0
0
0
0
0
0
2100.63886547089
6946.73212337494
7398.54550170898
0
0
7072.49566745758
5314.10806560516
0
8241.09255027771
0
5279.45809841156
200.379546165466
0
0
0
3242.50095462799
14691.470328331
0
0
6368.85729789734
19497.7604207993
0
1970.12804794312
10435.8768472672
0
3623.95786571503
688.252593040466
0
6724.52051734924
0
4334.38948440552
11654.5230789185
0
0
13159.4245786667
0
0
5459.65578842163
1082.49828052521
0
5178.52484512329
0
0
12600.2404184341
0
0
76.031210899353
0
0
7469.99176883698
0
8927.6155090332
0
4749.41823196411
0
4294.21477413177
26660.913980484
9133.80016231537
0
0
2436.45540809631
1935.73759937286
10155.570400238
0
0
0
0
0
0
984.293071746826
6762.98167037964
918.910284042358
8754.23881626129
9663.88832473755
8099.17705583572
11429.8979768753
18253.9174470901
9493.54703330994
0
0
0
0
19992.4809646606
0
14954.3029737473
0
0
0
598.332919120789
0
0
5704.42754936218
10197.366440773
0
15578.1934986115
0
20251.6580209732
22348.1478786469
13923.1518583298
0
3043.46220302582
0
11269.5172472
0
22544.3125705719
0
0
0
0
0
0
0
0
7164.6218996048
22201.8548765183
16091.2404460907
0
0
9257.31702423096
0
22043.2978115082
0
19271.4090919495
0
0
0
0
0
0
0
0
0
0
0
0
0
0
0
0
0
0
0
0
0
994.315801962832
0
5853.94519527143
36909.3567442283
60235.6378839444
75450.9708520449
120252.450371278
143649.593653557
198536.823712569
229537.882286634
276878.876374196
352382.112720783
469467.461252371
498351.162902856
502324.056592354
553164.190325493
627779.116576293
670823.691421949
651291.773910351
645454.207487277
646887.997556246
616944.858466051
590080.841526276
535842.51238977
471061.967682814
434722.327232679
344481.367661183
307273.459532787
231826.638325129
245830.503600377
169321.820386055
137338.446465957
112005.790743681
77905.2747842838
54530.050160946
30326.5523328047
20153.2790310688
3182.58075489142
0
0
0
0
0
0
0
0
0
0
0
0
0
0
0
0
0
0
0
0
0
0
0
3336.41226291656
8193.9337720871
16172.8666667938
0
13487.0312080383
0
0
3545.45355701447
6040.42198753357
0
9029.25755500793
941.658414840698
0
0
0
0
0
16326.1584510803
0
0
0
0
0
0
0
0
0
0
0
0
0
0
0
0
0
0
0
0
0
0
0
0
0
0
0
10505.8670238654
12945.4812205037
52412.6927224398
12022.6226367752
73887.3393638929
46719.0776793361
112563.091642896
111811.417185207
117608.54400897
148247.927059273
114257.895386656
124956.691713154
111797.291350047
112382.113297006
110794.807773948
99008.2380096714
51000.4531861146
27905.7414950728
28693.5065324704
0
0
0
0
0
0
0
0
0
0
0
0
0
0
0
0
0
0
0
0
0
0
0
0
1783.23295879364
0
0
14796.2935304642
0
0
0
0
2160.9633436203
8007.23642969131
0
0
0
5296.7033996582
0
5880.4499912262
12597.9836454391
10926.1795711517
0
12345.0238218307
13494.7544240952
0
6507.33692550659
0
0
0
4493.39108753204
0
14710.3774833679
0
0
0
13100.5704336166
9803.42035293579
0
0
0
0
1990.83816671371
2781.44299459457
7299.90725708008
7803.59528923035
0
4635.46990680695
5723.28647136688
0
0
0
0
9340.8266582489
0
17743.4051904678
0
0
2494.33869552612
10658.8334531784
3247.45603847504
0
11122.9480409622
0
0
0
0
0
0
0
7432.82698535919
0
1288.42786693573
4268.10553646088
10941.3440027237
0
163.198959350586
31818.0132007599
0
21642.1262578964
603.02615737915
7877.91732120514
81.9992141723633
18254.366443634
0
0
1485.05553865433
0
267.244503974915
0
0
0
19276.1395320892
0
1870.70593357086
0
3151.566655159
0
0
0
3617.88805770874
14877.3607449532
0
0
5545.26047229767
14404.0064678192
0
3694.70545005798
0
8308.32867050171
0
0
14196.4960641861
0
0
0
0
0
0
0
0
0
0
0
0
0
0
0
0
0
0
0
0
0
0
0
0
0
10663.9701526305
23776.4853736373
12098.6428580565
51170.1240700834
32752.8179114286
47865.9330021634
46142.7686291302
68086.7539534008
44911.2206981883
60494.5076171931
48245.6546741373
37572.876294108
28816.0749028711
23299.0238568643
0
0
0
0
0
0
0
0
0
0
0
0
0
0
0
0
0
0
0
0
0
0
6684.69371509552
0
1363.75926017761
3325.82274436951
0
0
780.555339813232
0
10299.0234584808
0
2410.7173614502
5563.1733341217
1720.59912395477
5327.54724788666
0
0
822.950200080872
145.398082733154
0
6800.8022518158
0
0
7619.90837478638
0
0
9719.59867858887
0
0
3741.02953529358
3701.11129188538
0
5148.54199123383
0
0
11230.5250368118
0
0
17045.8740587235
27904.8085393906
0
10047.8978328705
6052.04798221588
7412.91079902649
0
0
0
0
2008.25376796722
5090.62379646301
19395.3396892548
0
6932.54536056519
0
3947.76650619507
9520.17191696167
0
10647.5796909332
0
0
0
0
3552.67833423615
4509.84889411926
34861.6298646927
0
3557.60374546051
9622.4307756424
0
9232.32540130615
0
9454.84624671936
0
12590.7254934311
967.089728355408
0
0
0
0
0
0
0
0
17529.0174207687
8482.40446186066
0
19069.934551239
6537.25822544098
0
0
0
22795.14204216
10572.8002195358
15699.8131713867
0
1060.85667991638
7859.05281639099
0
0
11899.8541574478
0
0
3881.8159866333
0
0
0
7244.17544364929
8708.83940696716
1900.23240661621
4608.27548599243
0
0
9379.20735359192
0
0
12213.997010231
0
13379.0638151169
0
3963.21879196167
0
23277.9124164581
105.14019203186
0
11034.7269258499
21298.2534627914
15897.1442022324
13509.3074092865
0
0
0
0
0
742.618223190308
0
10739.9377212524
8477.172747612
9220.43583011627
5341.72299766541
0
0
10776.801076889
10375.6630411148
0
1343.00691318512
1681.91884231567
0
12338.9216823578
0
17613.6852827072
0
921.266611099243
0
0
417.557687759399
7170.64215278625
6862.13415527344
0
0
19206.5306472778
0
0
707.642567634583
0
0
0
0
4903.71784210205
0
0
0
17430.8058900833
0
11684.8634681702
9870.65903568268
9943.46634674072
9157.70685005188
10651.2619657516
0
0
0
0
444.876378059387
6417.4028301239
6.22141170501709
17699.6230840683
5410.74904727936
3962.91955947876
22795.8058452606
0
7727.50886631012
6749.35261440277
4421.44787597656
0
4851.81367969513
0
0
0
0
16843.3192720413
0
0
1925.39782142639
0
0
0
6490.97516441345
15900.2113571167
4427.74478435516
13947.2382202148
0
0
1517.69342422485
5025.28492164612
3265.90639400482
20696.8758888245
0
7082.97634124756
0
0
13224.7515392303
0
0
0
2984.28371810913
0
0
0
14468.2183799744
0
18072.5980997086
18196.3237905502
13608.7954597473
9942.52815246582
0
11306.2395305634
6463.33222579956
0
11939.5339107513
7925.35245752335
0
23610.6218776703
0
15513.2527275085
0
12496.2707643509
0
0
0
0
0
25651.7428941727
0
0
0
5623.08920860291
0
17159.8738365173
0
0
0
20223.0548191071
1183.09880447388
8370.8830871582
0
0
9880.1358757019
9355.1383728981
0
0
0
6073.55015468597
0
5903.51379394531
0
5787.49323558807
12373.3042459488
0
0
0
19036.3757810593
0
0
0
0
0
0
29063.0674266815
0
0
0
0
0
0
11565.9841747284
3863.05449676514
0
29949.3799982071
10352.1018481255
25233.2070007324
2356.90290641785
3196.32513332367
48931.474644661
19421.7473778725
46049.0658245087
22863.509718895
30723.9570531845
24282.314491272
16977.9769058228
17349.6816215515
4504.82485961914
18302.4238882065
0
0
8857.84573841095
0
12628.8766784668
3030.94864463806
0
0
9274.99193954468
0
0
0
0
5017.77414608002
0
0
0
0
0
0
0
0
0
0
5509.06782245636
5827.99492454529
0
8334.80774307251
0
0
793.503663063049
0
0
0
16316.0405397415
6629.72456359863
15284.4961118698
4167.98892307281
8931.66425609589
0
2550.02186584473
10115.9419469833
3502.86281204224
6946.93118000031
0
463.201812744141
4094.1761636734
0
3563.40006256104
15399.2952041626
0
0
0
4987.08295440674
0
0
13446.1873188019
9003.35712909698
0
12286.6224250793
0
0
0
0
0
0
0
8117.83595561981
0
6078.71749782562
22147.2567710876
0
0
0
16430.7804203033
8483.31754207611
15705.4982328415
12839.2721424103
0
0
0
7277.4024553299
9494.05067443848
0
0
136.167961120605
232.947215080261
1395.33448696136
0
0
0
0
0
14104.1047039032
0
14789.8826732635
0
0
2925.59971237183
12628.8550395966
0
13264.1666240692
0
13105.7369785309
10849.3450908661
2798.05348587036
3524.47201061249
0
10329.3295288086
0
0
0
5875.28230762482
2405.14526844025
7856.8370141983
0
11337.4126968384
5064.29275131226
0
23302.4051246643
0
0
0
2802.73525047302
0
9492.93371772766
29032.4240961075
8843.51106262207
0
0
8427.98275852203
0
0
0
0
0
8567.68760871887
0
13397.1205034256
0
5367.85199260712
0
1131.61042881012
9298.74560451508
11510.2875595093
0
0
4740.04050159454
0
13023.8727474213
0
26440.8949337006
6270.90827608109
0
15659.6939520836
0
6519.61590909958
0
2511.88389730453
0
0
21326.5864295959
0
494.866385936737
3003.14146852493
0
0
0
0
7914.4540643692
0
0
0
12978.9418830872
7899.48777008057
0
0
2250.8123588562
0
166.073612213135
0
1458.33042907715
12602.7837238312
6123.44582843781
3188.76063537598
3603.55604743958
0
0
8235.85396671295
4156.84574794769
10356.9854841232
0
5730.68020915985
7549.6045999527
0
0
0
0
0
10691.2828216553
8938.28627967834
12650.4893293381
0
0
502.046564102173
0
11543.1361675262
17368.7223806381
5433.70289134979
0
12165.5056495667
0
0
0
0
0
0
0
1254.287733078
0
10953.0997018814
0
0
19004.8057832718
20082.1376523972
8346.69140529633
0
0
0
0
1993.36950969696
7708.8926076889
0
0
8879.26708889008
0
0
0
0
0
4547.56024932861
0
21476.4267625809
21675.4309663773
8399.90237426758
13984.039809227
18196.8592576981
15365.0986709595
953.428143501282
13979.2917613983
2620.75706100464
18691.524479866
18697.9143266678
43255.1183366776
22969.3396368027
12185.6749782562
19558.0978193283
0
8199.74260902405
0
0
0
0
0
0
0
0
0
0
1741.75074863434
0
0
0
0
0
0
5512.31751823425
19999.9658937454
0
0
6080.01981067657
5959.10633277893
0
39867.3205289841
46767.5960159302
83682.0477876664
64372.208864212
58304.4258298874
72545.586356163
94459.7378263474
63355.4589891434
78367.8236093521
82890.0758953095
50631.9584779739
31778.2724990845
30485.7500391006
45426.725110054
32931.8523015976
0
26727.5274372101
17828.9892501831
0
0
0
0
13641.1377038956
0
0
0
0
0
0
12262.292175293
11910.1421709061
0
0
22310.5575809479
0
0
0
0
0
0
2779.69595432281
12103.9510383606
0
0
0
0
7113.62616348267
4590.45631313324
910.750528335571
10238.4500350952
15352.8220882416
4550.38469600677
6450.61627388
0
12593.8665060997
19651.9852333069
2902.01490306854
4266.57028865814
0
0
0
5283.88086891174
0
1158.09865760803
0
0
0
0
20834.0199680328
828.606231689453
8252.66427516937
0
0
22218.4942121506
0
418.822213172913
0
9588.50561523438
0
993.43487071991
8486.04827594757
0
0
0
0
0
7489.10036182404
0
8553.20003795624
8358.82546329498
0
0
8231.6218495369
0
7397.74347496033
8223.43980979919
1474.71135520935
0
1365.07849025726
0
0
0
5069.87664318085
5961.65775489807
0
970.857723236084
0
23946.2330331802
0
3309.94767570496
0
2854.86460494995
0
7059.61757946014
1771.42223930359
0
0
3185.22160816193
0
14437.578751564
2673.5030708313
0
0
9880.001080513
845.40111541748
0
0
4127.77422618866
19782.7752094269
0
6915.72499084473
21420.2851839066
9469.58707714081
0
0
10665.1729450226
14824.2131938934
0
0
0
0
0
8898.88685703278
0
0
1915.03371047974
3049.62829875946
8221.05968570709
0
0
8283.58250617981
7049.00924110413
19351.1946201324
0
0
0
0
0
0
15618.943189621
12029.6856079102
22227.2212209702
0
0
1407.88803863525
107.640822410583
0
3367.79397296906
0
6812.41995048523
0
0
0
5450.16618156433
15215.4560985565
820.649017333984
0
0
0
0
5052.47038078308
5508.11016654968
3456.58028030396
0
0
10291.6419582367
12718.514875412
916.375873565674
7077.61202144623
0
0
0
6371.01641654968
0
1152.96750736237
4125.86056804657
16093.5374031067
0
0
8036.40100765228
0
0
5543.76983451843
0
0
0
3401.57676124573
4480.02980804443
0
0
10494.7515363693
0
0
12973.7716169357
6266.30969524384
12769.1825084686
8726.82579898834
7567.00626087189
0
0
0
4673.05643749237
0
10053.6551647186
0
0
11170.5435237885
6367.42951774597
0
0
18224.0392570496
0
0
0
0
25638.3978977203
1953.21602725983
0
37171.6518039703
0
0
0
0
0
0
0
0
0
0
0
0
0
0
0
0
0
0
0
0
0
0
0
37212.165284807
16636.0322326313
31622.2066975073
54832.2756984017
55517.1530250636
73163.437408534
61107.1910693862
118788.362006621
119755.54290403
217329.93378908
233043.811169148
271607.230587179
307661.33962809
408628.628004594
431267.619961002
497131.498720082
584036.929822532
608844.393358491
658294.103410678
665008.853486668
723558.551480597
728906.199988365
704125.619346315
668995.703670849
713787.756619497
643504.527498462
567123.24645749
508824.148378459
512115.668889783
461018.084850745
381810.511253487
333388.340728586
275656.629407406
257275.851089651
152626.982926716
168465.630310579
116564.940520503
95013.3450574008
98976.9422193441
72569.2654116371
30641.8489207788
0
4719.04175693338
0
0
0
0
0
0
0
0
0
0
0
0
0
0
0
0
0
0
0
0
30556.8590250015
0
0
0
5076.73744487762
0
0
0
0
11376.6424236298
1494.31300926208
0
7188.13367843628
14404.487452507
15743.9168968201
0
0
0
0
1876.81704807281
41.1536502838135
2579.3219537735
8267.04891300201
16452.8036108017
0
0
0
0
0
0
0
0
0
20847.3527998924
2314.97124862671
0
1788.27068710327
16146.135892868
7614.95212173462
5831.351354599
3908.39810562134
3360.04105758667
15462.4475793839
0
0
9442.74850559235
6885.72573566437
3668.67779827118
0
0
0
9578.16995620728
0
18532.023440361
0
0
0
0
6990.683634758
0
0
15536.5082464218
9589.09510993958
32951.077624321
0
7657.56625747681
0
6121.98905944824
0
907.599565505981
7749.55746746063
9357.66790676117
5017.25695037842
0
0
0
0
0
7409.60562705994
0
0
0
33679.8617458344
0
0
0
0
0
0
25083.2405052185
8969.42516899109
7434.13325119019
0
14394.8535118103
56029.3345041275
0
26581.9199695587
45761.3139810562
35728.8919496536
21806.7796525955
15621.0877485275
19134.0110969543
44265.3196306229
25898.3266248703
17353.8677864075
0
16806.0884037018
1.66676139831543
6214.11704063416
0
7240.54714679718
0
9830.17589187622
612.432392120361
0
0
0
0
13125.9825930595
0
0
0
1587.74760246277
0
0
4644.11860942841
0
17779.3297872543
1623.93997573853
0
1841.40971946716
0
3008.49639797211
16173.6192951202
0
8531.91733455658
0
2710.24749469757
0
3862.40996170044
0
10127.3635263443
473.926752090454
883.701308250427
21097.491686821
0
9926.89519786835
0
24068.7526054382
0
0
4164.58700370789
18480.5057239532
0
17558.2597074509
0
5480.25391101837
0
0
0
0
0
0
0
0
0
0
0
0
0
0
0
0
0
0
0
0
0
0
0
0
0
1364.76890292065
3965.37377958096
0
13141.8917623479
0
29238.6228312431
21379.1512365747
10888.7917072215
37886.567278233
69786.1859774488
55642.8462606795
112952.983114517
131738.589864193
141773.192272267
220260.548894152
239569.678278335
283539.213894398
397778.782006913
392872.153692083
451962.064804057
511342.522571685
591426.803883816
585332.315369058
581102.182970595
616896.12428305
594721.15030658
525025.742553254
536845.562826319
476240.387706107
411491.566353291
405056.887571923
305087.929550901
298679.154185214
229676.278249802
173044.482624257
132721.332020151
133259.942459593
87504.2581955525
76554.6823280416
65451.9815854621
21119.6682139458
29997.9918205789
34716.2053302806
23436.9362569363
5473.04887075629
391.033485270571
0
0
0
0
0
0
0
0
0
0
0
0
0
0
0
0
0
0
0
0
0
3665.30689811707
0
0
0
13893.5721797943
0
10673.669503212
0
1500.47083187103
0
6418.99268341064
11063.7907094955
21304.2729444504
0
0
0
7780.51161766052
0
13112.9718675613
0
0
7292.57433986664
2365.40713787079
0
11236.2812280655
0
0
20252.9935369492
0
0
0
7722.27776813507
9484.93101882935
7828.57345581055
0
14603.9614562988
12399.7776441574
0
13792.7734622955
0
9650.4408454895
0
0
542.562950134277
0
11314.0437135696
3582.62364673615
0
12286.8186216354
10879.0303020477
0
15862.8353514671
0
22724.9264240265
0
2327.40675830841
0
0
0
0
0
0
0
1332.09658527374
19515.7275543213
0
0
19097.4822902679
26210.0323467255
13207.5094261169
0
24672.3352050781
23089.7702941895
19404.0321645737
0
14524.0057220459
0
3334.0704832077
17436.8295736313
0
3524.4483089447
7243.46321868896
9150.17349433899
0
0
0
0
0
0
0
0
3866.62273597717
0
0
0
15729.8081798553
0
0
3441.98379802704
6362.48674106598
0
15883.7419691086
11146.3617038727
14291.5652360916
12927.1565361023
0
13968.6868152618
0
0
17079.6880884171
0
9686.17746448517
0
0
18342.8589820862
2445.64540195465
18826.6061420441
2447.30592250824
0
0
0
0
9046.31628417969
29244.4820318222
0
8779.09924888611
1369.16258907318
0
0
0
11956.2104787827
2469.84304332733
0
0
0
10869.2383460999
0
0
0
16194.7050323486
27474.4073228836
0
4195.73878288269
7845.96841144562
386.12756729126
0
19111.6150388718
9234.42690563202
0
0
12157.2053966522
5505.12720489502
6729.98582983017
5185.02085781097
33931.1849689484
24087.8116769791
0
3054.64015483856
17374.5340576172
0
0
0
0
0
0
0
27587.18562603
0
0
19349.5975379944
0
5191.90196704865
169.55066204071
0
0
6159.20599079132
3211.77362155914
0
0
11637.162946701
0
0
0
4171.53049182892
0
17005.4732322693
24609.3734703064
6900.74296379089
0
0
4162.18226051331
7113.94837188721
0
0
0
7742.92262935638
4018.97464752197
0
0
9205.07144546509
33357.5164642334
4406.82159519196
2860.19745922089
0
0
13073.0928430557
404.09085559845
0
0
18462.4695587158
10229.5761518478
0
6643.19021034241
0
0
0
7039.06390762329
0
17898.2042441368
20493.9187421799
0
0
25547.9481725693
0
0
28575.6154947281
0
9740.30430030823
0
0
11543.3972330093
21735.9278707504
18358.478143692
0
0
0
0
0
0
2046.11716461182
0
0
5191.47975158691
0
0
6790.93664264679
9775.11812877655
2211.67889881134
0
18131.4878978729
13661.6025762558
4367.36595249176
11164.0239534378
0
10783.8557662964
11570.4402227402
18436.1018629074
12744.6676464081
44634.2241306305
54363.3972673416
19178.9470043182
8390.87236309052
0
0
29589.8245801926
1328.63783836365
0
8681.5570936203
0
15737.624171257
1197.10947799683
0
0
0
0
0
10373.3798413277
0
1329.08071136475
0
7291.86395835876
0
0
953.048387527466
0
0
3512.19540500641
0
0
0
3779.66420555115
15163.6967859268
14602.9056119919
14047.5498719215
461.805545330048
0
32085.6088089943
5930.66669464111
0
5114.06118869781
0
6489.29518127441
7445.96629858017
0
0
3471.20445013046
7845.27117156982
0
0
0
0
1639.79772853851
0
0
159.196355819702
17354.9977903366
0
0
0
2976.34753799438
0
0
4951.49817943573
0
0
0
0
24097.1633658409
18069.3990540504
14950.657597065
25814.9680104256
10054.3290228844
1199.90301656723
16268.1666135788
0
13795.4730587006
9755.27030181885
0
4415.01162528992
0
0
0
0
0
0
0
0
14849.1598730087
7313.53874874115
5546.63721561432
0
0
0
0
0
4730.37130737305
34124.5015764236
7426.02165222168
0
0
29987.3365240097
0
23083.6263809204
0
27547.3826637268
5504.42205524445
0
0
0
0
3720.21279668808
38276.8942737579
0
12098.8708124161
0
0
19157.0537242889
7772.47762012482
4919.24507761002
9264.73857021332
0
0
0
0
5686.35746002197
0
1194.01181554794
15013.0450925827
5146.1153011322
4886.8429851532
3104.92707014084
40786.3024353981
0
0
0
0
0
578.559429645538
6674.45125102997
15132.6429834366
0
14326.8101539612
11276.0714111328
13256.319817543
0
10827.4917984009
0
0
5540.64043521881
0
22351.4134044647
5900.3775396347
17413.262503624
0
6594.37461948395
15438.9741821289
2268.49251270294
0
0
0
0
0
0
8692.27321910858
0
0
0
0
1662.57755565643
18194.293132782
6781.10530090332
0
0
5020.26522922516
0
14695.2772088051
0
1359.54415416718
17127.5821743011
6613.52761268616
12057.7362766266
0
0
0
0
9021.25450992584
15254.3490352631
7839.21888542175
0
2788.93160533905
12587.065785408
0
0
0
0
0
3693.41135215759
3790.77009439468
0
22504.1987318993
2411.60471534729
6458.6755771637
0
3084.84124279022
0
14777.275560379
0
22587.7807416916
0
0
0
20896.8902158737
6736.77770042419
0
9805.02253723145
0
0
0
0
5475.87060546875
0
16300.7383432388
0
24149.971121788
0
8230.46513271332
0
15742.7675542831
8587.36035060883
10354.3799324036
18955.8211069107
0
0
7446.57025432587
0
3560.56650829315
7361.52172756195
0
4016.5630941391
9176.04751491547
7265.45880508423
0
10652.7420911789
0
12850.4025812149
11783.7166690826
0
0
0
19840.141459465
0
0
0
28136.9694814682
0
6683.99759864807
8478.00883483887
0
0
9440.47547245026
0
0
20624.0875864029
24796.6146831512
0
0
2017.73243236542
19651.1090335846
0
0
27271.4857339859
0
6472.24372577667
0
0
0
0
3693.36787796021
21808.8390979767
14007.2724027634
0
0
13420.6228466034
6183.96896648407
19068.761841774
0
4016.47712802887
0
0
22904.8802804947
0
741.993900299072
11702.1017532349
35744.981672287
12221.2634000778
0
18487.3190717697
24001.3122014999
0
0
0
35068.9228897095
0
142.808270454407
2818.1346950531
10230.5386180878
0
0
11458.1344089508
21160.088224411
0
0
0
0
0
0
5054.67134857178
0
0
0
8980.8548002243
0
0
0
6677.55174636841
14986.2284564972
0
1606.64725208282
0
37018.1164264679
0
17745.5234298706
0
553.72145652771
14887.2405195236
14119.3385572433
0
2066.81532096863
16795.0767879486
1964.74036884308
42879.8032026291
11646.0755491257
0
0
0
0
13113.6091003418
0
0
0
8747.5481710434
0
0
0
13868.2673735619
0
0
8020.2650384903
10999.1860570908
2979.35939121246
229.009989738464
26718.6963376999
18241.0998106003
0
0
0
0
6270.35800075531
0
3986.51500415802
15856.923075676
22914.4542207718
0
10561.2873506546
0
6482.94681310654
11584.0882697105
20499.9374866486
0
7720.6736664772
2704.20002317429
0
24468.3534860611
0
2176.59441280365
14048.8839063644
0
0
709.447228431702
0
0
0
0
0
0
0
0
20663.4614319801
0
26213.3952169418
31558.7024078369
0
10654.3929538727
0
0
0
0
12686.9560127258
4488.08011627197
4572.21548080444
0
1398.61905097961
16431.0886363983
0
0
0
0
24227.4766435623
0
10185.6948080063
16434.1761617661
15679.885679245
0
23337.7949209213
13496.2072906494
0
7280.28167247772
7277.49956512451
0
0
0
0
3837.55649471283
10785.5798282623
794.469686508179
7062.29014015198
6444.55406856537
4915.06488800049
1877.96615028381
3616.97256660461
5494.00295639038
0
3175.73196315765
0
0
0
0
0
0
0
0
0
0
11799.4259634018
0
0
2607.37984371185
13824.7904882431
0
9138.59316635132
0
0
46022.9333963394
15297.3281297684
13125.7874803543
10949.6708898544
0
6348.00900554657
0
7342.80160903931
0
0
16553.102347374
0
7655.04247283936
0
9944.12071323395
0
0
0
0
8406.96997356415
0
6645.69620895386
0
15161.4332866669
0
16565.7603139877
0
10413.604306221
0
10981.4626655579
0
0
0
2598.5724811554
0
0
0
0
0
0
0
7708.56583213806
16838.6579399109
23775.4251279831
0
0
0
26968.6387338638
10269.3082695007
0
9719.63239192963
39532.8778047562
3282.21823978424
21948.2642335892
0
49897.2421445847
49105.6784734726
53619.5875654221
11228.2641563416
19126.7840471268
29961.5664386749
383.403507232666
37373.4854393005
30978.5470218658
6567.44809770584
47871.6338949203
0
27567.5492858887
9976.89289855957
0
0
17643.6238899231
5267.50603580475
0
0
0
0
22376.2379932404
0
2152.61864948273
0
0
0
22480.765953064
0
0
11998.7261476517
1681.03099536896
0
6045.03148174286
0
2688.8076543808
7483.08734893799
13424.5140304565
0
929.816293716431
0
0
2706.26706027985
0
0
0
0
0
0
0
0
8026.87435054779
690.005625724792
12897.9674797058
0
20350.6617107391
12697.7755098343
81.0733003616333
0
0
23946.9714288712
20651.2611207962
0
8412.77627372742
4832.35237312317
4739.90782928467
0
0
0
41645.079073906
0
35533.3263864518
0
5467.91179180145
6309.78676509857
24873.081404686
0
5394.64032459259
17051.4093084335
49131.6948232651
0
0
4392.00513935089
0
0
3861.59537792206
0
2144.49548816681
5597.05300426483
6642.16164493561
0
0
0
0
0
0
11820.2050361633
951.703433036804
10630.206120491
26379.9160385132
0
34.4908266067505
0
19001.7929372787
0
13534.1842098236
0
0
3559.2106590271
1998.00894641876
22807.7301282883
3490.36431026459
7915.26514434814
12023.7570953369
0
2987.83145046234
0
0
2697.45176792145
0
3219.48834037781
0
8767.74733543396
0
0
0
0
0
0
0
0
0
0
0
0
0
0
0
0
0
0
0
0
0
0
184.414857196796
21740.4021860123
17282.6573170662
21269.957680893
17625.6414656639
47962.5489700318
38724.0395451546
47409.0453933716
26016.8689772606
0
0
0
0
0
0
0
0
0
0
0
0
0
0
0
0
0
0
0
0
12196.3185482025
0
0
0
0
0
0
6191.53801250458
0
27472.282198906
0
18538.3736047745
0
8842.31824684143
19320.2590942383
12382.4004306793
10940.1364946365
0
0
8700.35207176209
595.795252799988
0
0
88.6530179977417
0
0
9433.34784126282
36803.739774704
18159.3585481644
25662.5726947785
0
14157.1339426041
389.9036693573
0
0
0
18220.6609678269
0
0
0
0
0
13367.7929573059
6588.47114086154
0
0
1757.30452489853
5113.16904115677
0
11332.3174462318
0
22125.9776744843
0
0
3507.94133472443
0
365.077597618103
0
13944.0133976936
18115.7083964348
32884.1623215675
36934.4882149696
5340.06945562363
18122.0008158684
18667.0563950539
4622.17382097244
0
12289.0107159615
762.586541175842
0
17737.3531761169
1737.61874914169
0
0
6543.58500385284
2995.44501686096
0
0
0
0
0
0
0
4638.47840023044
13042.1558041573
0
0
0
8780.57145977023
0
0
5063.05292510986
2.75105094909668
0
0
11375.2704467774
123.818833351135
0
27893.2148962021
17312.9209089279
32950.7660975457
0
0
0
9273.41583156589
353.888133049011
0
0
0
0
2146.87211513519
0
0
18823.9962396622
26798.0161390305
17443.8417348862
2946.57132816315
8078.86942100528
0
0
18204.6566514969
0
5352.8964223862
8636.55428886416
14376.9176998139
0
21608.9641618729
0
1117.18376159668
0
0
2081.81719779971
0
0
0
0
26456.3603992462
37760.7571344376
0
0
3094.41582107544
5312.40131759644
0
0
13789.829955101
18474.2196760178
8713.92208576205
32413.3510541916
0
31051.9084358215
0
0
15341.0800666809
4677.67766571045
0
0
0
0
0
13521.3221502304
9987.8136138916
28048.9859023094
11467.8766212463
7208.16948890686
0
0
0
0
6269.25573158264
3469.9571018219
10302.0763254166
16780.34441185
0
0
7191.77278137207
5076.89665603638
1957.55474853516
11730.7208251953
0
0
0
0
4121.61347770691
1132.96280574799
0
20741.7840852737
0
2078.7774477005
0
0
0
0
0
0
9073.62885761261
12148.5304927826
11595.228603363
0
0
16591.2651576996
5236.52920341492
6760.58965110779
26721.3025608063
0
0
13906.9438199997
0
0
23248.9083051682
0
10587.5494585037
910.756757736206
0
0
0
18572.419424057
0
13585.998093605
11129.8813667297
0
0
13193.0975456238
1815.35214519501
0
3904.92807579041
0
2939.56405258179
0
0
0
0
6741.8165512085
0
26692.2676801682
1197.09648609161
0
3062.78744792938
0
4427.51796722412
16407.1596918106
5310.71377563477
9853.86649608612
15527.9676971436
0
6709.74171066284
0
0
0
0
6328.62381839752
0
0
4883.34455299377
0
0
0
8855.57339191437
2115.02918052673
0
6811.56346607208
0
0
0
23627.4466114044
22074.6344547272
4771.17172050476
11635.5186481476
0
0
0
0
15663.6849689484
0
3738.23755931854
5896.76949691772
23607.7532835007
0
0
1766.25378990173
0
21734.6064310074
21702.8701190948
5640.05501079559
434.051144599915
0
0
7336.27609729767
0
17432.5732402802
0
34237.4381093979
21221.5822715759
0
0
5365.81421947479
0
0
0
0
5443.57361412048
0
10873.1653213501
9272.59361839294
11365.9100675583
10739.9594593048
0
0
3682.60747146606
14167.0816822052
0
0
5676.95610141754
0
0
12805.4057378769
11090.8833327293
0
35573.4733581543
0
0
0
0
0
29725.2361335754
23371.9056968689
202.483582496643
2557.17552280426
33413.7253932953
12034.4039459229
6186.64818000793
0
0
16074.5135354996
3201.33857631683
0
0
0
0
0
13411.0061225891
5131.82019042969
16990.0803165436
9524.64818668365
0
13926.5720920563
0
0
7079.07392215729
0
0
0
0
9740.82653331757
6220.62152004242
27674.6228027344
0
16777.1836919785
5167.59328460693
0
0
0
0
443.728778839111
3915.55103111267
4665.09020233154
1445.0385389328
0
0
12091.5558023453
3557.16341304779
4428.73236656189
2701.20447826386
16143.9240875244
0
3503.4810667038
0
0
0
0
5798.86297607422
0
29492.1126966476
0
6133.34278917313
0
6296.17287921906
0
0
0
0
5511.5033788681
0
24130.3749961853
11321.0182790756
13715.2777729034
22743.6072216034
26665.7958259583
10967.3601989746
38796.9694480896
0
0
0
0
0
20940.3156013489
0
0
0
0
0
0
0
16138.5663204193
0
5929.34422969818
17393.7444267273
12729.052195549
0
13607.8205661774
0
19112.6823539734
12891.6056566238
0
0
15658.4844751358
0
5697.12966775894
0
4191.22825050354
16900.1327362061
10198.0998830795
1950.24398422241
0
0
0
0
0
0
13626.3111448288
7177.3859910965
0
5776.75237083435
0
0
0
21919.4714241028
1322.3758764267
0
12475.2974872589
11832.6195220947
0
23708.9676408768
2487.87550067902
19852.6239719391
0
0
26752.0998563766
0
0
0
0
34862.2421035767
0
0
0
4676.80427265167
26869.3266572952
21079.9789705276
0
7431.69718456268
25436.8882398605
0
0
0
35729.7188396454
8522.21956062317
28816.3885822296
0
0
31414.0093860626
3214.54021453857
0
9533.94017696381
618.404413223267
0
0
0
0
38593.4255495071
0
0
0
5304.60015106201
18740.3780221939
0
25582.9253616333
0
0
0
0
0
0
0
0
0
0
0
0
0
0
0
0
0
0
0
0
0
