Mulder's channel
МСД-1 : TIC
4.65159574831105
8.00010013580322
----------------
0
0
0
0
0
0
0
0
0
0
0
0
0
0
0
0
0
0
0
0
41024.6986351013
45407.2924356461
0
7496.04843997955
28795.7333879471
30667.9249358177
11505.3230876923
49045.7089853287
0
33893.6794300079
0
10740.0471067429
0
50765.7511901855
2008.15917015076
0
0
29535.6786661148
0
29346.4902877808
0
0
0
16180.7092218399
0
12882.363781929
5950.47964429855
0
593.742247581482
0
4349.3229227066
22547.5446519852
23572.7591266632
0
397.205362796783
0
0
0
0
0
7184.15871334076
0
0
51935.6139764786
0
0
52004.2299842834
0
0
0
0
3320.26462316513
28357.6143083572
13899.1865329742
0
9081.85597896576
0
20417.6485319138
0
27345.3718338013
0
0
0
0
0
0
0
0
0
0
8970.72499275202
0
4692.27625274658
0
25330.6037817001
0
0
0
0
27713.5721683502
0
38577.5835914611
5908.22415447235
3379.38275909424
7661.08116531372
0
19963.2055959701
34543.6634721755
47193.1491117477
0
18512.6292705536
7926.69967746735
0
74118.8850450515
0
13660.0098581314
0
32402.1266841888
2801.60907268524
6380.52604579926
17313.5723648071
0
0
12080.9073047638
19234.3436088562
3235.13288211823
0
0
0
0
19186.9174880981
394.411167144775
0
0
5226.7395658493
0
11602.8418664932
0
0
0
28347.3578395844
14024.148235321
57948.2723398209
15649.4647083282
0
0
0
0
0
0
0
5109.69061183929
0
11115.5074720383
25219.4141969681
0
7425.87476348877
1634.08112812042
0
0
12531.1487560272
21666.2774648666
0
47928.1447134018
0
18451.476395607
22302.1972436905
0
0
0
0
22453.4309406281
0
24400.8599281311
0
0
0
3090.12418460846
19631.4311218262
5276.22773647308
0
22002.3017444611
0
19658.0156230927
0
10258.6411075592
0
0
0
14538.5854463577
23702.4130735397
0
0
0
0
2021.9761838913
0
0
14319.1724643707
54322.9617347717
0
0
6941.52842330933
0
39113.6844081879
33341.7254743576
0
20935.3631792068
15021.3947429657
15537.8430376053
13184.7902889252
36030.1164836884
21881.8675937653
0
34683.3806962967
0
33411.5294303894
15911.6228027344
0
0
0
24779.2145490646
0
0
0
0
11811.7592353821
0
1705.79576015472
0
21963.22727108
0
22743.5768871307
0
0
0
10638.6004152298
0
0
19804.8091259003
1611.85681629181
41139.6894674301
0
25063.3501062393
37376.3782520294
0
0
33802.8085641861
0
4760.12420272827
34116.4814043045
0
23820.1212368011
17729.472779274
45900.5745325089
16366.2416877747
20626.1793317795
0
15664.6566743851
0
54577.5434370041
0
0
0
0
0
29650.3132343292
115.693030357361
0
2662.47836208344
0
17822.8910942078
21021.028002739
0
0
31383.9715423584
0
0
18793.2643027306
5271.84462928772
17930.8115854263
7255.34675502777
31336.3239412308
0
1338.55872535706
0
0
17013.4629793167
0
0
0
18044.122654438
0
15671.9020819664
0
0
9589.33435678482
21551.4027252197
0
12083.3464822769
0
6202.54760885239
0
2775.59788036346
0
1080.14786434174
0
18198.9376878738
8726.07130622864
0
0
14552.0705318451
15073.5496559143
19119.8371896744
432.327658653259
858.755830764771
0
0
2331.96660614014
0
0
0
0
0
1144.57548332214
0
0
11707.8074636459
2416.08180141449
10598.4222888947
6832.73910617828
0
0
0
21139.9025020599
0
0
21012.0537414551
23864.3082704544
17266.2767133713
11632.2125325203
40787.5380787849
1170.75246572495
44723.1387438774
19147.8192110062
0
0
0
0
0
15841.1868972778
0
0
15031.8512172699
0
17171.1383810043
20785.781542778
0
24754.2426776886
0
0
0
0
0
17986.2122650146
41770.7679033279
22790.3858594894
0
0
0
2040.36660385132
0
41068.9234409332
19283.3914246559
0
485.235718250275
0
3927.57462310791
16353.9657158852
0
5700.54166316986
0
0
32753.2422690392
29414.9886431694
0
3560.44437789917
0
0
0
0
3185.29663562775
0
1542.07330942154
39703.4751634598
13896.5119161606
0
5785.31241559982
13258.7377500534
12071.946138382
0
0
11993.4056968689
0
0
0
0
10262.0734558105
15511.2098150253
0
0
16889.9573869705
28374.7580099106
0
0
19135.3304824829
18149.5472536087
48187.9031457901
0
20824.5417470932
29938.9543600082
0
0
0
31959.5197563171
911.157693862915
0
196.732723236084
0
29582.3764858246
0
0
326.317503929138
2518.68563365936
45545.1551733017
0
36161.598192215
0
64.9702930450439
0
0
0
19678.2043828964
0
0
4745.88154697418
0
9460.12931346893
11662.8832359314
8677.47534179688
0
59731.6255626678
0
0
4208.98834133148
11338.4312930107
0
0
42545.3125715256
0
3146.43686676025
0
5846.13552761078
31711.7101097107
0
0
0
0
15034.1781892776
20553.4132814407
53414.2796087265
2551.72837924957
36320.1668710709
5744.8378276825
0
0
0
35165.8663682938
0
0
12639.1765060425
0
0
43201.4989271164
0
17287.2002792358
25893.6702861786
5013.90626525879
0
17751.7488584518
3015.24748802185
688.516998291016
6880.4957113266
1556.31029701233
0
0
0
43770.2512512207
0
450.412129402161
0
0
0
4225.50469398499
0
0
34125.7801837921
0
0
37141.2279176712
0
29640.84354496
1785.57486534119
27075.8616094589
0
8564.65733718872
5110.55146217346
36369.5740308762
0
0
0
0
0
0
65809.6073102951
17195.2788743973
15777.5144948959
16590.858294487
2187.86225318909
0
0
1891.44781494141
15799.111717701
15466.3781843185
7828.49815750122
0
0
0
26928.7883167267
0
0
14228.6438894272
0
0
0
0
0
0
924.491086959839
0
0
0
0
25194.9600925446
72257.4148626328
12348.9652709961
98564.8528575897
86139.1450033188
156739.107373238
198789.385607719
182610.746304512
224943.523301125
132363.053484917
201515.689354896
124741.957292557
148119.874220848
88211.8504333496
95727.0066356659
62151.6528644562
43258.3326845169
0
29998.4066009521
0
15684.7509365082
0
3879.92839431763
2265.00284576416
10456.0968837738
0
0
0
0
0
2279.33367919922
0
0
0
0
683.094337463379
0
0
10470.4055948257
0
0
0
37779.8968133926
0
0
0
9839.3130979538
12215.6005296707
0
2645.26426410675
0
2384.43857383728
6238.49606609344
2999.59317016602
21831.5386123657
823.275411605835
2582.75198364258
3817.96375560761
0
11234.5123615265
15364.9496145248
10099.4116277695
0
0
10329.8226680756
0
0
26452.0856838226
38726.8628540039
0
0
0
9360.26994991302
4009.44396686554
16130.525021553
2196.19926071167
31538.9320287704
1251.54685783386
32252.9844264984
0
0
7084.35311508179
0
0
0
0
0
4579.13805103302
0
0
0
0
0
0
0
0
8897.12491512299
0
0
6477.31348180771
24113.2111320496
18465.3111305237
13482.6144542694
48974.380771637
7986.617228508
28941.7834615707
11089.1366348267
1827.935297966
8680.0249004364
15629.7021303177
25543.204957962
0
0
34777.5840158463
1375.93091583252
0
0
21017.2292556763
0
0
0
3611.82830047607
0
0
0
0
1769.8979139328
0
22559.6849584579
0
20825.8353290558
15159.0263805389
0
0
0
11021.2401075363
8733.25375366211
27265.3096075058
0
0
12851.1339254379
25345.5499033928
9613.19522476196
0
0
4461.74476623535
12610.7526044846
0
0
0
10959.4912557602
10227.487985611
0
0
0
0
0
0
8625.24578285217
0
0
0
24081.3380098343
8785.28247261047
18897.8420248032
8052.22830200195
8074.01318359375
20081.4168844223
0
9255.59292125702
16184.1859378815
22933.8640890121
18427.4023742676
11681.8496179581
15092.1610555649
0
27440.5652179718
2249.73515129089
0
33774.1681318283
9493.51753520966
3934.62629413605
0
4131.62613296509
0
0
0
0
0
0
0
0
27580.6086797714
0
0
9398.92836952209
6289.20155525208
2291.11856842041
44988.9464740753
0
0
0
0
7994.49190330505
0
14896.2434148788
22134.7319765091
28475.5084896088
12981.5838508606
0
35273.6885662079
0
29184.2388448715
0
0
0
13490.2306642532
18618.3919768333
0
8189.19145774841
0
0
0
16639.35536623
13890.1404762268
28759.4190597534
0
0
24494.3621463776
0
0
0
28950.6431236267
7455.38093042374
17313.0814208984
0
0
0
0
2422.01870346069
0
0
20980.1292963028
25026.5831823349
0
0
26906.0114879608
6413.01945877075
0
0
12126.2040710449
0
0
27410.2314004898
3314.19806575775
25035.0880699158
0
0
22062.2699098587
0
3553.39706420898
0
0
0
15625.8782186508
12308.3168749809
0
0
0
29270.3593783379
0
4535.00874137878
6172.16446352005
0
0
0
4959.5481595993
0
3293.74692821503
0
0
0
6815.83892631531
0
27369.3218207359
5133.38445329666
0
0
0
813.503793716431
0
0
1639.20582675934
6612.96380233765
10375.8770933151
40764.7458577156
19517.3698034287
11589.4808154106
25877.1824622154
21262.7976150513
0
0
0
0
29609.1623916626
7928.5636806488
0
22833.1656064987
0
19171.522485733
0
0
37268.9478788376
15819.9834814072
0
0
36140.1172857285
29821.0502138138
16743.0266237259
16479.4624991417
4907.62707948685
23887.7223553658
16745.6535048485
12504.2666883469
8492.90439987183
5172.39780712128
0
0
0
1826.27098846436
14804.1896524429
0
0
0
0
0
1680.96554660797
0
0
0
0
897.632642269135
32221.1109132767
8269.38739967346
0
302.212209701538
0
32539.3818883896
0
17534.8853940964
31524.8438358307
7164.19006490707
4156.37786865234
0
0
21438.0217623711
0
0
0
0
0
0
0
24714.7381482124
29411.568005085
0
15216.0561618805
1233.38002681732
13040.7196807861
0
25019.1564297676
0
7902.20273208618
791.598638534546
8092.8937587738
7448.19340229034
9537.75479507446
6140.22357940674
0
0
8583.17488098145
0
7458.69033336639
0
6374.73658657074
0
16785.0184392929
12165.1230096817
0
0
0
23218.3425912857
0
30163.4317893982
8911.44644451141
0
0
0
0
0
0
0
0
0
0
45827.9471912384
0
17185.1563148499
20258.802233696
27530.7165403366
8951.93619346619
13673.3452339172
1870.01169395447
6870.10325527191
0
0
0
32720.4176831245
28552.436630249
48615.3011779785
7166.6056227684
0
0
0
0
6465.25512313843
9756.08061027527
0
0
3023.75620937347
15261.1374797821
7214.05565071106
0
0
0
9951.1334695816
0
0
3540.75017738342
0
0
0
0
0
29822.0432300568
0
0
37196.1544733047
23205.8331050873
0
0
6371.60822296143
0
1179.0664434433
18693.8375463486
20539.3217163086
24285.2375230789
22672.2346992493
8615.55624389648
0
0
0
5124.05659770966
18692.0966491699
0
0
7167.84376430511
12246.0125083923
0
28485.5566501617
21582.0906429291
2345.71850299835
13464.8047809601
0
1728.62971496582
30140.4161529541
0
0
0
0
0
0
0
0
0
0
0
0
0
0
5407.97299098969
0
0
0
16147.6096878052
5407.2338309288
23134.0657444
24644.5023612976
13263.6268968582
40886.0355081558
40388.6269102097
27234.1461906433
35979.6791820526
23371.2811365128
37099.2804746628
22192.2819728851
68468.6482486725
6294.58883523941
34405.8725967407
13522.6050825119
0
0
0
0
12998.1838550568
0
0
0
0
0
13905.2067642212
0
0
18566.8561325073
0
18669.0833277702
544.000159740448
0
33809.6522011757
0
798.287185192108
0
15651.2659687996
28272.7875714302
5008.84463214874
0
0
0
0
0
0
2755.93118858337
0
0
0
2830.04943180084
18667.2904396057
7369.90382099152
11871.9553098679
34879.6809215546
5815.99372005463
7378.92232465744
31027.4700660706
0
0
14956.7700920105
3137.78372240067
17370.3165235519
18949.4361486435
0
0
0
0
0
0
0
0
8094.27025032043
0
5373.1319694519
0
0
10097.7224912643
0
15253.7188072205
0
12653.2891387939
2879.31077861786
8311.43110275269
0
0
18604.6121201515
0
26935.1667642593
13267.0529050827
34084.2514014244
0
6970.50370693207
0
0
0
856.566575050354
0
555.03067779541
0
0
0
0
24693.6765222549
13416.380546093
0
7180.69826841354
0
13894.4945068359
16290.5787315369
0
0
0
2487.11402988434
9593.06689405441
8569.41206884384
4214.84433937073
0
11095.1762065887
0
0
866.782724380493
0
0
0
0
0
0
0
4787.71581935883
9271.66921520233
24930.2099599838
0
0
32522.0087556839
21951.4996137619
11634.4305343628
17257.8415780067
1233.67825269699
12644.3389649391
3887.43413639069
0
0
0
21209.5069761276
0
0
10476.0231647491
0
6997.92365550995
17904.8999843597
9214.84224891663
5068.04305648804
0
0
21510.4998521805
0
0
0
15065.2343854904
0
0
0
0
0
1888.00545501709
2995.05894851685
22475.6115589142
62.0757036209106
7153.42692184448
0
38413.3154582977
0
7014.10392665863
40274.5329217911
0
7762.6764421463
9107.67820739746
108.494188308716
0
0
0
0
14451.2590017319
2201.07967853546
17184.9253149033
0
0
46555.0807352066
0
8198.10149669647
19846.521946907
0
0
5060.51675319672
2997.42668628693
0
0
0
0
0
7406.9384765625
3407.52475833893
0
35148.6279020309
0
0
8905.48875427246
0
0
35399.4785017967
2721.5284910202
9357.70857620239
0
5214.1667547226
0
24659.7976207733
0
30194.5421972275
8336.65222358704
16258.4326248169
0
6381.1484079361
8982.72199344635
1799.89723300934
0
0
29529.5585346222
0
0
0
0
0
507.058622360229
269.558044433594
0
0
17546.2333564758
0
0
44180.2641620636
0
0
17537.4528427124
32748.9686546326
26728.9382743835
2048.29258918762
19429.0984725952
0
28551.9314985275
0
0
43.6551399230957
7588.42489099503
0
17123.8541316986
0
0
16051.0915002823
22007.1095323563
0
0
46651.2417640686
20398.1727657318
4623.37639141083
0
0
17123.4219932556
0
0
0
0
0
0
20149.3758077621
12866.6599168777
31144.6695108414
7963.28791236877
33749.8392524719
0
13088.8396968842
0
12210.4749393463
0
0
9148.84463691711
36571.5666131973
0
3483.27460289001
0
0
9516.51191425323
0
0
0
0
0
4002.09715461731
5142.64811897278
19624.4439783096
6417.31442070007
5277.82806396484
0
22732.9471302032
3037.08320903778
15710.6533508301
0
0
8295.66131210327
14610.0822076797
0
0
0
0
0
15891.3054618835
10581.5858020782
13462.6824102402
18783.902513504
0
0
34182.7625904083
0
0
4671.45107936859
0
23356.3432569504
0
0
4112.45625686646
0
14966.6488409042
11933.1602964401
0
1867.47786045074
1027.97430324554
9106.87656402588
12535.4101171494
0
0
0
30961.9090356827
0
13299.7063789368
36512.4812078476
12688.533987999
0
0
0
8838.55289745331
7248.93525505066
0
0
0
0
20695.6991891861
0
0
17470.4085674286
0
22434.0453901291
22503.5757579803
11913.3514976501
0
15519.6136431694
813.724466323853
0
14017.4424972534
29466.0885782242
0
15689.5022172928
0
0
17831.4996137619
24154.5984296799
18254.5318460464
0
1979.25969600677
0
19301.5531959534
0
0
1093.88463783264
7650.5839214325
0
0
0
2867.32858181
1626.90669441223
15616.2565631866
0
3353.79105949402
0
23247.6800556183
9147.68547821045
0
0
0
0
0
22721.2913732529
0
9152.85547828674
0
44638.5316028595
0
7858.82686138153
0
0
7596.7885389328
25764.4115123749
17204.1767840385
5177.658015728
14452.7802696228
0
20702.8203210831
7008.01627159119
15742.2324581146
0
2883.46296691895
0
0
19453.2613921165
0
0
0
1370.21906852722
0
0
0
0
0
0
4142.11793041229
3131.28001308441
0
329.255395889282
30648.4694490433
0
31567.0377283096
25714.7020654678
18723.9858360291
15731.7220668793
0
17317.7815895081
0
0
0
0
0
8604.08554840088
0
3873.52256011963
2641.87992954254
0
21435.5289306641
3857.08882904053
0
0
1337.74464416504
22667.7670383453
3022.71579933167
13766.2867202759
23239.0225095749
0
17348.5727539063
0
2513.11552715302
5961.99142837524
0
0
0
0
9715.93876552582
1601.19412136078
0
0
0
0
0
0
0
0
0
45388.8232073784
0
10808.1097860336
15465.716629982
0
0
16139.8910932541
0
0
0
0
5514.69617271423
5103.99932861328
0
0
0
0
0
0
0
0
0
0
0
0
0
0
0
0
0
0
0
0
0
0
0
52181.7538746595
26894.5345208645
155413.46151793
178636.914653301
362193.885752082
535351.654608965
919649.387611508
1155267.95211029
1556547.15829837
1670708.01160598
1806228.37827742
1953006.13059855
1988975.76571596
1914481.48264718
1688745.886428
1448736.10538292
1189517.3190335
921746.461703062
685799.613093972
508431.337831974
346663.591974616
168770.694060564
120579.842453122
0
0
0
0
0
0
0
0
0
0
0
0
0
0
0
0
0
0
0
0
0
0
0
12913.3400030136
0
0
0
4218.88074588776
938.635089874268
0
40759.4870357513
0
2277.73374652863
18813.5964889526
75166.2266464233
9474.26074314117
0
0
0
11338.004029274
16027.7353200912
270.133379936218
0
4677.76162815094
0
0
0
0
0
0
0
10643.18430233
0
0
7788.3907661438
41425.9185528755
19536.2033433914
0
8013.40516185761
0
29810.320318222
0
0
12220.4999761581
86133.5881299973
0
3754.30623912811
1229.94211006165
0
59979.1659679413
0
18616.9747300148
0
16573.9246149063
0
0
399.386266231537
0
5762.72897720337
20723.6634569168
1575.49332952499
0
0
0
6002.12179422379
0
0
0
0
0
0
0
0
0
40095.2018127441
0
68267.2599272728
26740.134552002
1771.51756954193
0
0
24995.2243928909
8810.00739002228
45633.3594789505
4301.7097120285
48018.2534322739
16632.0187883377
1028.61593341827
0
0
6146.81837177277
0
17936.2030897141
0
0
0
0
0
0
0
13289.8998947144
19568.9411754608
0
0
35770.2081508636
0
2821.30997657776
26063.0524082184
5633.43677425385
0
0
8263.66309165955
25036.673207283
1538.53578472137
31965.4574108124
25663.9852762222
0
8238.78778076172
4478.98393058777
0
0
0
8363.17830657959
1094.64413070679
0
0
0
0
0
0
0
0
0
15895.2320222855
0
0
21770.2733182907
5292.9497127533
0
14704.824467659
7159.00993299484
41499.7235126495
4843.6159658432
34725.7795200348
105800.83020401
26366.0811891556
40021.8119697571
5435.55378055573
58928.8973579407
16160.6192960739
14228.0249786377
22946.7679691315
0
0
0
3263.7761964798
33274.2525644302
0
0
0
0
4503.96360206604
17179.3081550598
17675.2496442795
0
0
0
0
7792.48920822144
0
0
0
19243.2961969376
0
8583.06259155273
0
15582.6687784195
23728.3423042297
5094.98402118683
5628.45121669769
4042.07456111908
16864.9763746262
0
0
0
0
0
0
4889.99325656891
0
0
0
0
0
2886.99099445343
17576.8002786636
9845.19660568237
76810.057179451
0
0
0
4425.8857126236
9272.38125133514
3252.14550876617
10220.9313516617
0
8808.72890472412
0
8804.52137327194
9144.51615428925
0
23255.8827810287
18919.4880247116
0
11620.9484114647
0
28122.2732772827
6372.39004516602
31721.4787425995
0
8003.46248292923
0
0
10565.1032977104
25360.6688780785
0
12406.8442106247
0
0
0
0
0
0
0
0
0
4702.454621315
0
1497.44046497345
11976.6207318306
5004.26992797852
0
1914.60405874252
0
0
27726.3406620026
9596.4533290863
0
30340.6644210815
9553.02718925476
7279.29446458817
0
11109.7183418274
14399.1405730247
0
0
0
0
9240.45165395737
0
17475.1001667976
4794.68057441711
27786.6297683716
14174.9488487244
7866.35663127899
0
0
0
11231.1621856689
6562.51807785034
0
14047.9757289886
17041.9057970047
23862.6779651642
5438.27128219604
0
0
0
0
0
0
19360.4285154343
34325.1432676315
0
24903.0627498627
5352.25036048889
0
0
0
11156.1231088638
15.1152439117432
0
0
0
34804.1741714478
3521.481590271
6433.25796699524
4711.77788639069
0
0
0
0
15042.9740104675
0
9901.95407772064
0
12733.7653102875
23036.6735706329
0
41060.2074270248
0
0
0
0
2254.38796615601
15090.4129600525
0
0
0
12342.7488889694
0
0
5884.69014167786
0
11292.8241815567
0
0
0
0
2428.5931224823
0
7032.16013908386
27323.5281257629
11091.8639144897
15709.1496839523
26623.5359449387
33077.8827209473
0
25454.9362859726
11156.0856294632
54724.7541103363
0
0
12652.9565925598
1590.61837768555
1001.78681278229
0
0
7257.51799583435
0
8781.79305839539
0
0
0
0
0
0
0
15098.5194406509
17578.4011383057
14405.9100465775
39973.4909744263
24406.9928951263
0
8622.29508304596
13879.7973852158
854.574689865112
10078.7624053955
3061.20258331299
0
0
0
5789.48577213287
0
27080.0938806534
6472.37197542191
24688.3460741043
0
0
0
0
3543.41457843781
20693.2711544037
0
2882.76424980164
14133.1720333099
0
0
0
3574.64759349823
0
0
0
0
8223.83692264557
0
0
9619.23071956635
20396.7851228714
0
0
0
40019.4314498901
12624.8362493515
10173.0918045044
0
0
0
3894.4092502594
16666.9834308624
39057.9214315414
29142.8778858185
0
0
15313.3280944824
22918.5339212418
418.665117263794
0
0
15676.8612127304
0
0
0
0
32602.2178974152
17069.7600803375
14681.4446611404
24450.5610704422
0
18486.6898345947
20922.2410840988
0
0
0
1266.8995847702
2424.51905345917
19550.4961147308
41429.7145814896
0
0
0
1103.65498924255
0
3859.71167945862
5289.49022483826
0
7739.44341754913
0
0
0
5613.88015937805
0
0
11926.296538353
0
0
0
0
0
331.428416252136
0
0
0
0
0
0
0
0
0
0
0
0
0
0
0
0
0
0
0
0
0
10559.8203357756
41028.4109924436
35902.2833893001
97321.8962455988
243189.504325896
376548.219156682
577334.508894771
864766.140623331
1215814.81619897
1495741.57541758
1991502.05581233
2293647.89656436
2569613.05385807
2861279.42472333
2833781.48638925
2864600.95273638
2804736.4304885
2522714.61078578
2222580.14904472
2087469.59716332
1616476.86144593
1317274.63567728
1028213.70876917
736637.523355246
535895.516948849
451653.255185664
290388.378897637
192132.911096931
139243.974012643
119846.622198284
22064.5759778917
0
0
0
0
0
0
0
0
0
0
0
0
0
0
0
0
0
0
0
0
0
0
0
0
2066.87795543671
8162.34732627869
0
40332.2629899979
30735.2831711769
22292.5894856453
53525.3677053452
0
0
0
5268.74520921707
0
0
5516.8361082077
0
12117.128947258
26687.1191616058
7066.2194852829
49353.3025135994
8652.03567314148
29568.152586937
0
19542.7423706055
8288.50773048401
1044.91775798798
0
13496.6625471115
37613.6205997467
0
12101.9601135254
0
0
0
0
8924.88102245331
0
14440.7296514511
0
0
0
0
3153.72215461731
5535.50067806244
32804.1190776825
3572.08086681366
0
0
0
6136.4876127243
60.1638059616089
0
38738.8072590828
0
0
3193.41351079941
0
0
0
20322.2600297928
16284.646645546
0
0
3753.98328685761
1323.16618680954
0
0
0
0
29183.1726589203
0
3377.23046016693
17970.8667879105
20626.0089783669
25937.0784511566
24365.4887733459
12453.2467679977
0
11399.0126695633
0
38926.9289689064
0
418.299084663391
0
12791.6499586105
29002.9854106903
0
0
26612.0220575333
652.099328041077
0
0
29283.2664203644
3102.40903186798
0
0
0
0
0
0
0
0
0
4778.75489139557
0
0
1019.66504383087
0
0
22065.2995681763
0
1133.70849609375
27127.758687973
0
9380.51467514038
0
7186.35296154022
3086.56670665741
17257.7526836395
17543.6899185181
0
27819.1256475449
21816.4228878021
34511.3838863373
78275.1948623657
68890.1680603027
104768.110963821
78139.0925912857
112075.878587723
50352.587225914
68967.3684511185
49238.3776950836
55324.543217659
0
51255.0243368149
5555.05788612366
0
26600.7961835861
36924.7425909042
0
0
0
3049.99931144714
17351.1724033356
0
0
21440.4685101509
0
0
0
0
0
0
0
0
9048.61369848251
32502.0991616249
0
0
0
0
0
0
0
0
31600.3052473068
0
22509.97930336
0
15486.3993282318
19095.8738174438
30942.5057678223
16204.5683383942
0
29944.9442234039
0
8771.41888523102
16637.9771671295
3410.81689739227
17966.0371465683
4542.71020698547
27598.8731117249
0
20214.7328414917
19079.7033624649
0
16263.0078134537
0
0
1936.67841720581
0
9906.17627048492
15295.2732505798
0
0
9562.43945121765
0
0
0
0
0
6644.92583656311
12708.5888309479
0
0
0
0
0
0
0
0
0
19270.0922527313
5116.25127220154
0
29938.97159338
25945.7799859047
0
0
0
0
0
0
0
15433.6778817177
0
0
57627.0652952194
44267.5602035522
42498.7920646667
71810.5574302673
67831.5912504196
94482.3469543457
91143.5259361267
52445.5690898895
131451.338396072
133754.661226273
89669.7107787132
104387.298275471
109720.157866955
52342.6819186211
81442.7929787636
65526.4086232185
12016.2286686897
0
45253.2915182114
14936.876291275
0
0
0
0
0
18090.2774200439
0
0
0
0
0
22810.0781974792
2853.50783967972
0
0
158.8898229599
0
0
12094.7447977066
9753.56058692932
26486.7325401306
0
7888.06654644012
0
13099.8247060776
0
0
0
0
10372.7204618454
0
0
0
2515.54708385468
0
24153.6845011711
0
0
0
0
0
0
4287.05020332336
0
23073.0515890121
11203.8371286392
18414.7068500519
0
4520.26116943359
0
507.679639339447
0
59505.1626033783
792.782711982727
11551.9091076851
2203.01096534729
0
0
0
7464.67621135712
37868.5065107346
4948.90378856659
2792.89474391937
0
14478.8533535004
35426.6397666931
1596.90390491486
0
0
8880.87858867645
12887.0056977272
0
23987.6809768677
0
0
0
0
0
4704.49498176575
0
0
30770.30281353
6858.32629585266
0
14149.5714941025
8184.27228164673
17253.5041618347
1619.71110153198
11041.3194494247
26731.2035923004
0
0
8264.73319911957
0
4856.43456840515
3359.1879529953
1342.43625640869
0
0
10769.1644153595
28449.7504301071
13143.0900111198
0
0
0
2248.76540803909
0
0
0
0
23014.1780433655
1569.03468370438
2137.9883480072
0
0
12271.9075603485
0
0
0
15112.4745073318
0
4037.01845836639
23187.7856283188
14418.8856964111
0
22892.0972976685
11886.8352146149
10.2945308685303
0
0
13799.0418052673
5456.99635505676
0
12480.5766773224
0
0
18383.0890293121
141.923753738403
0
6401.97341442108
0
15033.7284908295
12354.6491184235
38643.4886960983
0
0
0
0
9761.11832427979
23924.1051998138
18478.898355484
36384.0140295029
24603.5837259293
0
0
0
0
0
17352.1850824356
2039.63829803467
2188.24265575409
0
0
0
0
0
0
0
0
0
0
0
3633.02224826813
12795.1212673187
0
0
0
0
0
0
0
19962.275592804
85813.2385339737
233267.072851181
375459.007713318
511802.537994385
707086.924153328
775010.820206642
790002.202227592
917868.502674103
868954.124778748
911844.440870285
947156.662311554
849952.119698524
797742.667264938
656322.133234024
572239.942536354
407131.510148048
369894.779500008
203271.008281708
36066.4925718308
0
0
0
0
18472.0564947128
0
0
0
0
0
0
0
0
0
0
0
0
0
0
0
0
0
0
0
0
0
0
0
0
0
16335.3938761294
10778.4614046425
144155.499100316
278024.814632788
599558.811166924
982109.9359364
1686332.51158116
2446138.97676516
3793628.5667775
5655350.79288488
7798708.47448238
10294130.3097101
14276525.4755129
17515617.0761339
22512686.6243152
29357010.4321277
34496426.4008155
39293133.541735
45479297.7300997
50531852.0706137
57612914.5499426
62953752.3858742
69204947.0472538
75946899.9609708
83656671.0678069
85463834.1857286
99171245.6492169
106119884.325998
108841876.797614
117149014.53914
118341202.529809
131636413.603079
135854712.707099
138500754.312964
142196019.185313
148870854.16076
160161095.88171
161520607.744568
168778080.592757
167942227.479594
160679667.275177
142465797.699885
116099382.910985
85153691.9842458
60303098.0085338
37802189.3277474
22503823.5936917
15314115.1111885
10967346.24303
9225296.58014697
8299928.18686863
8169507.14440798
7524751.2979932
7151161.7185977
6736194.94297416
6268792.19738088
6702660.15539897
6197439.00510923
6098176.15910071
5863743.11272523
5159140.74967646
5180266.58828976
4965586.79715281
4875201.48971279
4447892.86137567
4488163.65902628
4160176.44120733
4159615.35483283
4041939.61086175
4038429.38517928
3867611.95546868
3611162.4641059
3427132.21850117
3231017.76386248
3348394.8961121
3469475.67667524
3063552.06749553
3159674.53906391
3046534.33559203
2994671.50451854
2949659.46563607
2892393.07488068
2936092.79320895
2772258.97772993
2644949.67814104
2722176.52693958
2567896.53904722
2661188.59248329
2513679.34887174
2757834.80369979
2403562.13043031
2583661.62855994
2500157.26584687
2371118.57298605
2110724.95706673
2282735.87677
2029026.83423878
1974891.05911783
2022435.86855823
1933384.12158212
1827199.43784129
1812684.41563859
1631694.86336463
1657099.16347237
1711484.86722182
1381023.78468491
1556428.81597094
1396018.11272079
1302958.98180399
1437026.14355457
1445584.49622503
1272381.88616508
1328973.27506657
1237868.77027701
1227014.67730309
1319984.35432486
1018788.04773838
1043763.27260408
1006266.24334896
867883.558767944
889261.144581255
761403.162607395
739447.704433432
851191.461888092
797090.755856081
676063.912146878
693690.950174429
735686.793011552
674695.492896708
590827.211799085
651266.538209167
581022.077051156
773351.035647174
512795.623385
515321.046285942
405484.322451693
416335.455201992
267267.74695841
323324.164364281
224318.313557833
270262.881056782
161445.640175605
154983.595814279
127180.458401996
156982.933454618
115414.53802098
130291.850309053
121132.261025852
9058.2579481334
0
0
0
0
0
0
0
0
0
0
0
0
0
0
0
0
0
0
0
0
0
69044.1045379639
50243.3055944443
101986.88257122
0
0
0
33166.2439956665
0
15353.6786422729
0
71484.1111941338
0
35434.7310447693
0
0
5065.0462064743
0
37805.5541906357
18581.6103820801
5837.70605182648
2643.57716464996
0
0
0
0
6950.7411813736
0
0
0
20133.5722398758
0
0
81156.0790023804
0
0
0
36088.2064599991
0
0
2718.65782165527
17438.9780359268
7618.06181240082
22694.1904296875
0
27499.4766178131
20843.8067083359
12493.4103689194
19453.0354604721
0
0
0
1722.63255786896
0
0
10457.1171684265
4312.80174636841
0
0
16130.8018536568
0
0
0
0
18401.9923472404
34944.5189142227
8587.72627687454
0
0
36342.1863722801
60541.2195672989
0
0
1604.14596176147
0
0
0
14411.8140277863
0
21404.1139936447
0
0
34497.5113706589
0
59097.4108009338
10772.9297208786
6895.51648712158
756.334509849548
63745.4737052917
0
5833.83075141907
5508.08709430695
0
0
0
0
0
0
0
0
0
0
0
0
0
0
0
0
0
0
0
0
0
0
9954.51423001289
31927.6208065748
103742.650369167
263912.28219521
382577.443875074
445147.977042556
570851.900179863
859061.515102983
1103954.25683713
1338415.7726258
1530420.61406183
1972596.5992099
2038412.81404471
2219430.47124326
2454564.30032063
2293090.11381304
2319089.54138589
2237131.7016505
1996559.70343161
1924195.17957985
1651693.77856231
1406260.1661514
1037997.64712906
844128.911273599
666382.574880838
471086.903234363
330764.348369122
194184.347631574
116754.873521566
34320.7209905386
0
0
0
0
0
0
0
0
0
0
0
0
0
0
0
0
0
0
0
0
0
0
0
0
0
0
0
0
0
0
0
0
30057.8176031113
0
103021.415883064
154289.680397987
231149.095624924
353673.443563461
408950.536426544
515530.09088707
562474.428518295
521238.18062973
661131.701016426
637517.422115326
587785.269955635
554526.475141525
442597.959127426
376677.671683311
199505.074346542
174554.236001968
68589.9027824402
44132.2909946442
28645.8363780975
0
16778.6556024551
0
0
0
0
0
0
0
0
6145.94744110107
2597.99880027771
5968.72028255463
0
73.1126794815063
1789.53669834137
0
0
0
5770.45388317108
0
0
13326.2310724258
1642.87303209305
17104.024064064
31418.8370380402
36316.6554613113
0
21624.3697443008
0
0
8416.01112174988
537.506278991699
0
0
6241.04580593109
0
0
0
9055.49586105347
1161.06348514557
23376.1617136002
16877.1764497757
0
0
0
0
0
0
0
0
2355.94603157043
0
0
0
0
0
0
4396.57741260529
0
15123.8559260368
0
11517.0181398392
7582.26149368286
0
8484.40302562714
37772.8033542633
28551.1362657547
24065.946644783
0
27354.2543120384
27184.0468387604
9264.29265975952
23965.5189981461
1467.23641109467
35679.3827533722
52059.0068340302
16265.8828296661
0
5853.93571949005
0
0
7498.35254001617
5607.39480495453
0
13635.4594116211
0
6063.57348060608
15818.613764286
0
0
0
0
8841.96925640106
0
0
0
0
0
0
0
1957.32922554016
5774.40792560577
40109.5071697235
33729.3587360382
8712.52486228943
0
16259.2416143417
18409.7691612244
41788.5640335083
0
0
0
29128.0861177444
0
15749.7105035782
19628.2853145599
19473.1821317673
0
0
0
0
0
0
0
0
0
0
0
8473.97469043732
2827.79249286652
0
0
0
0
0
0
0
2775.02633571625
28436.6054124832
4648.00761318207
24709.9389810562
0
0
4072.17293262482
13542.4896831512
0
0
42120.0431456566
44452.0672559738
39646.9717788696
104871.30399704
142947.103135586
178868.060391426
205200.727167129
216629.239351273
213862.727636337
221823.870322227
218356.663140297
199402.711138725
183362.310956478
206943.493359566
199663.758086681
126105.878276825
119932.029117584
68992.9424123763
39602.0546975136
11689.877052784
0
1073.65491104126
0
0
0
0
0
0
0
0
0
1418.96220874786
2145.1110124588
9075.63212680817
0
0
0
18776.8181304932
36075.420129776
30392.6312026978
0
28005.4499664307
19923.5150747299
34967.3859882355
0
0
0
0
0
0
0
0
0
0
0
0
0
0
0
0
0
0
0
0
0
0
11060.9596056144
16036.8333710034
76259.8545610905
128105.11667792
94749.8788224061
183445.294035435
127054.142508427
231190.11184152
245060.136870146
259960.663056533
278831.062087615
291863.726445198
250499.672612588
246486.67053016
272523.227145433
275374.057866732
241433.588445743
203319.628871441
180428.691110531
134558.362201055
53446.270200491
81921.8307611147
35811.0615697702
0
0
0
0
0
0
0
0
0
0
0
0
0
0
0
0
0
0
0
0
0
0
0
0
0
0
0
0
0
0
0
0
0
0
0
0
0
3403256.03952122
6246464.58578968
10065630.0044327
13918462.8449717
15843912.9827032
21875277.92167
23856324.6137495
25224472.6574659
30065598.282321
34295297.5299549
34446399.164485
33407756.6629772
30947526.3319578
29917722.0674391
25681633.4773283
21538806.4329615
13388407.7950773
6771205.84363079
240587.203568459
0
0
0
0
0
0
0
0
0
0
0
0
0
0
41115.776974678
0
0
0
2808.13356876373
0
0
98347.3933048248
31145.6148281097
231.324543952942
36287.1671609879
14368.7585268021
0
52543.7908601761
33722.6311903
0
0
34474.3026208878
0
0
0
0
0
0
0
7296.26013851166
0
0
0
34864.676194191
64407.54276371
9982.54574012756
0
16042.4712791443
0
87113.6649837494
0
0
54938.0091753006
0
0
30905.4640312195
32472.8811893463
0
0
0
45269.4366970062
0
16218.879776001
0
45122.878267765
0
0
36082.5309991837
0
16714.9919509888
0
34324.2846231461
0
0
16628.7329158783
0
21020.7438430786
0
0
0
0
63511.8148450851
0
41906.3978204727
9384.81750106812
0
31735.5806970596
0
0
20562.1465015411
5541.49139404297
0
0
0
0
0
0
4377.02628040314
0
1932.17721557617
37443.4850273132
28777.2049412727
3957.15747642517
43042.5766592026
43366.6875858307
55709.4215974808
4173.46754646301
4106.0853767395
0
13604.6470489502
0
0
25147.5489082336
3633.25877571106
0
0
0
10421.919760704
0
17932.1867952347
0
0
0
0
0
0
0
0
0
0
0
0
0
0
10798.6340732574
0
6414.8822889328
0
0
37190.7664527893
39814.8987751007
128645.275680542
140683.363941193
207663.561091423
213581.748048782
359892.58415699
333343.026099205
403698.11275959
389823.12821579
370682.488547325
354206.126673698
378708.212394714
349256.689418793
298011.050060272
239817.223761559
253232.230909348
155853.80328083
52936.1566934586
43083.7336502075
0
0
0
252.78088092804
0
0
0
25214.1673073769
0
0
42719.0357122421
0
1736.05244922638
27635.1597480774
0
7345.8177185058
0
0
0
0
0
0
29016.8105344772
18641.4951276779
16758.3932609558
23936.9193019867
0
16253.8947200775
0
46589.7299771309
7935.63530921936
0
0
0
11726.3726434708
0
0
1401.59864330292
0
0
0
0
1580.9718170166
0
0
0
0
0
0
0
0
0
33275.9678926468
27064.4816837311
0
0
9381.97362804413
38524.6386423111
48821.7570676804
29376.6929969788
55551.8153781891
49366.58963871
78889.2973232269
50737.9636898041
65418.1259717941
82959.7571239471
74142.6043920516
69228.5814390183
54842.6254482269
34013.8334569931
26325.8526697159
4120.82559919357
0
0
23570.7400422096
0
0
0
0
0
0
0
0
0
0
0
0
0
0
0
0
0
0
0
1689.53137588501
41609.5587110519
62897.4333286285
46629.9339170455
87921.4576587676
153641.251518249
99027.2017917632
151862.146290779
134479.567481041
110029.489827156
134396.01475811
142118.952008247
67339.7761058807
82929.7677106857
56351.5565834045
59398.2857170104
31616.9146909713
48491.3557958602
19927.5243902206
53754.4015855789
0
0
0
0
0
22879.3662881851
18345.3150224686
4036.4612569809
0
0
0
0
0
0
0
0
0
0
0
0
0
0
0
0
0
0
0
0
12528.6056690216
0
0
17005.2822275162
315.890777587891
33590.7064962387
56149.8765468597
62822.7123279571
116569.279651642
95676.2098283767
103897.724749565
64138.0510082244
103972.137513161
163740.296569824
180087.005450249
148567.987358093
143502.654173851
121144.600111961
89887.2548904418
115181.095399857
103508.786372185
70098.8692741393
18285.5345687866
0
510.250846862793
0
0
0
0
0
0
0
0
0
0
0
0
0
0
0
0
19329.4188404083
0
18486.2910804749
56122.3506937027
74320.8548402786
55808.1668109894
82814.1556959152
84292.8238363266
77000.2770595551
94740.5121927261
89690.9760351181
87085.9302368164
73053.6562452316
47474.5492911339
60390.8359670639
19567.1760549545
0
0
0
37962.2717456818
1039.13079166412
0
0
0
607.687124729156
0
0
0
2731.31147861481
0
0
20837.3694915771
10904.6973176003
0
0
12897.1432123184
3621.06096076965
2001.48551750183
0
506.605416297913
0
14437.6187467575
4782.8819937706
0
13027.525604248
0
0
13332.2538385391
20264.1499567032
302.484729766846
2381.85151195526
1536.66773700714
0
0
0
0
12444.5858616829
12638.9784612656
0
7381.15670776367
0
13149.1010389328
279.46640586853
0
8774.32345485687
3190.07500934601
0
0
0
8099.74290847778
0
8929.85126781464
53.3594102859497
1666.16035079956
7002.10991382599
0
28336.9755620956
5285.88037729263
0
0
0
9010.92213058472
0
1776.11034488678
0
20429.4683866501
0
0
0
0
33011.3385372162
13304.2521286011
0
0
58607.4474773407
15653.0161027908
268.827320098877
0
14494.4138393402
33192.4668464661
16737.8187065125
0
0
0
24247.4358024597
6541.58441734314
0
0
0
0
0
0
0
0
0
0
15256.4094247818
0
30077.8608474731
0
0
0
23800.7263231277
17257.3151216507
0
11332.6361732483
0
0
0
22624.0350790024
285.29434299469
2100.26415920258
2430.95185184479
0
34230.8510637283
32834.955160141
0
2498.62842559814
19319.6973695755
13174.0796403885
17875.586938858
0
16152.40721035
14789.4228830338
0
0
9942.92029762268
0
0
3035.19955158234
0
0
0
22628.0465574265
0
0
3510.40110301971
3806.27870559692
0
3168.90416526794
0
27370.3992271423
26436.5117416382
0
2738.29795074463
12289.9179344177
0
38834.8922357559
0
20067.6492433548
0
0
7285.3316192627
34.6410789489746
5090.70262527466
0
0
0
0
29004.6889667511
0
0
10270.0716180801
17063.7266492844
0
0
5769.55584716797
0
0
28076.921046257
0
0
9473.11930274963
0
5622.85626506805
0
7322.13159942627
22774.0518074036
8750.06362724304
0
0
17462.1055164337
28285.6702508926
6147.08154773712
0
3508.12787532806
0
15052.1442985535
0
42710.7294492722
23789.5319032669
7513.30918216705
0
28969.0035047531
14257.8350086212
8463.89866828918
0
0
0
7641.47935533524
0
0
0
0
0
0
0
28183.4203557968
1995.54396629333
36920.274720192
32024.7825145721
7998.29055547714
29477.3610572815
0
0
0
11377.1515884399
4349.85900592804
0
1715.48537921906
20762.6371469498
0
10587.4623003006
0
0
75.511926651001
0
25356.9260411263
6325.28546190262
0
15682.238368988
0
24756.1750650406
6172.46251106262
0
4112.22218322754
6459.39897727966
0
47304.9660634995
8710.93392658234
0
0
0
0
0
0
0
0
0
31996.1542115211
0
0
3712.62357616425
25735.9414129257
0
0
0
12319.2244882584
20213.4222354889
0
10999.929605484
10929.4722471237
0
5954.0478811264
0
750.438782691956
5971.24599933624
54259.2596912384
12564.3510465622
14465.6398143768
23902.5598726273
0
0
9217.07235813141
17956.028216362
0
552.434319496155
0
0
0
0
0
938.880640983582
0
11406.8752393723
0
0
2287.95680236816
6029.32114601135
19261.8750114441
0
11362.3972806931
0
0
23035.5273542404
21408.742328167
30.7599248886108
2471.67733764648
16082.9919462204
0
0
3195.76623821259
0
11417.9349460602
0
2952.95765686035
12491.1699342728
0
5713.40106964111
32924.0785484314
0
0
0
17824.5969200134
19929.6319007874
0
0
21328.4934053421
0
31982.6115245819
0
0
5882.22438240051
0
0
0
0
0
0
0
0
0
0
0
0
0
0
0
0
0
0
0
0
0
0
18828.1548014898
42717.8971378236
43141.104989294
99796.9292414832
163113.584739095
312636.028586811
347098.968062885
545162.342252322
742622.501757273
912522.269734095
1182677.84100128
1499673.32731612
1769020.87102784
2232070.40142055
2559969.85694028
3057954.83407886
3918656.01526083
4400842.55841656
4878640.97962977
5800712.45773157
6780048.35696163
7148309.89646002
7905824.67042878
9228363.50726565
9688787.63288751
11117004.0758063
10988396.0382898
11637794.8550728
13306906.2229551
13339546.1895609
13621267.4002991
13480625.8575889
13499804.2093383
13481998.4042303
12841009.0251592
12493101.4197563
11555213.3057331
10137795.3331437
8904838.18212656
7704609.61417446
6611464.21113078
5225073.63819955
4444146.88241462
3233179.25559221
2712333.8158931
2109121.97795485
1653706.26335435
1316252.38204013
985778.633725333
768115.863607157
620606.351618101
550847.821220746
380953.432696751
267862.806835644
302945.328445011
211716.476226443
146864.025013621
112143.034148928
132384.943395433
102929.071740029
25805.2116813054
0
0
0
0
0
0
0
0
0
0
0
0
0
0
0
0
0
0
0
0
12302.6936197281
31006.6725225448
0
0
0
0
23905.4391546249
21121.9202642441
0
13685.5760993958
32458.7644748688
0
0
0
0
0
7115.77204227448
0
0
0
0
0
0
0
0
0
0
0
0
0
0
0
0
0
0
0
0
0
0
42446.0822912427
39524.8026904424
129923.280942196
234417.64451366
249729.011406771
396640.632434061
583467.530354012
773217.598758507
1037053.70186435
1195554.43363707
1441668.73162483
1992082.08908658
2138172.39129911
2357927.73801009
2771785.22827766
2912932.89658955
3226586.01854954
3335640.62374202
3506451.80641958
3491816.0482097
3533507.14153466
3303163.73935333
3221731.55121848
3140859.05148962
2888920.83102044
2491725.66697636
2124574.7805688
1798167.08856489
1567913.54522832
1275950.30709423
1041395.98988433
902779.592917697
707219.092697695
578498.289119615
506220.10338707
389993.78433467
280495.874150107
238725.227664121
241905.022662587
157767.552279239
134416.407059733
79072.0971816805
53124.1197621239
0
0
0
0
0
0
0
0
0
0
0
0
0
0
0
0
0
0
0
0
0
0
0
0
0
0
0
0
0
0
47790.7886724471
51797.8830833434
42312.3414726257
16760.631649971
62721.7727060317
45192.4780063629
51484.688170433
72668.2009410858
55552.2754473686
55026.9333534241
92005.2935142517
41814.0755386353
28501.2418470383
84985.6494092941
40236.8108491898
22749.860411644
33178.6778144836
3847.64276266098
0
0
2400.31869316101
0
0
21167.8497943878
0
0
0
0
0
0
0
10884.5076189041
0
6517.7140789032
0
0
27939.3595619202
0
4025.53528499603
20830.0897293091
0
0
39138.5124263763
10725.7161846161
0
14732.3409786224
0
0
0
20009.546710968
0
0
0
6053.66330623627
22286.8132572174
6790.64285182953
0
0
21772.6261968613
0
0
0
0
1966.39649486542
0
0
0
0
0
0
8775.28220272064
0
0
4549.80574798584
362.10051202774
0
562.671353340149
0
10775.8744478226
0
37640.559220314
14311.0847597122
23626.3930139542
27027.2582416534
51353.3088932037
19916.4525060654
23274.6602888107
62351.5042924881
58988.8204269409
61369.9322347641
55922.9401140213
47178.6109628677
10883.3956422806
17802.9738845825
8989.12330722809
0
0
0
0
5579.5025510788
94.6037874221802
10372.8146572113
0
0
0
0
2179.2275686264
0
0
23126.8781042099
19428.5989046097
6320.22501659393
56117.0426664352
32020.5990495682
12392.2739944458
32131.9421520233
8138.45415306091
8968.31614875793
25649.0509939194
4532.4909734726
0
21001.3044586182
0
0
0
0
0
0
0
27704.9984884262
0
0
0
0
0
0
0
0
0
0
0
0
0
0
0
0
0
0
0
0
0
0
43266.711392171
0
27708.0065996851
71195.443872479
108507.363996301
159215.190263312
282902.289367008
409740.147587831
690142.473642172
986702.15250642
1357425.40478833
1970824.28640565
2559685.2269648
3390089.05782948
4353060.44107757
5440302.90946208
6694175.14664065
8536259.0393101
10608282.2820915
13028489.525304
15332541.8127326
18305805.8418089
21151419.3042597
23776033.3312771
26782277.7114419
30848026.2714087
33637847.8014578
37608011.185117
39532397.225729
41208751.1641643
44323370.2358289
47548167.9906466
48965809.6005545
49438771.4625618
50807165.6470733
52281380.5364974
50912803.0535889
52344247.5803745
48383690.2136207
46010353.8551968
42912708.1814099
39262120.2545927
34821715.2127004
29368628.3500026
24490478.53123
20241774.5647848
15598240.7211414
12562630.1454261
9582702.05334768
7333126.62007127
5633475.40883886
4224748.44812715
3501377.2764417
2723205.44732464
2484826.19556393
1917079.4053997
1629068.49533668
1564166.5325698
1336350.20649926
1111309.04728167
916636.68589419
833416.899580901
737429.020922375
645667.694790323
448480.637213911
382444.315302345
263835.881624917
216771.463267789
122656.825257533
0
82165.8949133873
81493.980748558
100558.370226956
140743.828630257
76365.9181580544
103884.632860374
254808.282003307
323186.438430405
417942.30453043
520957.406591415
770136.502262306
993095.395113373
1277634.37747583
1550130.82013302
1836830.70229864
2047980.46179695
2503460.96153154
2744731.86304722
3101066.38402681
3294328.55095959
3645156.5974061
3881459.35353985
3950513.34062109
4058877.75543098
3925786.53202963
4072999.3250658
3870844.76417437
3559538.16455517
3247858.34050016
3034392.48999882
2778909.60773153
2463515.46286049
2103262.26184855
1833507.75049191
1574954.4508214
1331115.59507961
1089395.33287992
882121.945537663
767210.900158215
480215.123589516
392181.56117506
337156.10954895
219435.829406834
210229.546850014
130276.217549801
93574.848551941
69987.1418055535
50039.3924385072
58341.8842061043
0
0
0
0
0
0
0
0
0
0
0
0
0
0
0
0
0
0
0
0
12900.8460550308
0
0
43828.6119594574
0
43066.1922292709
19166.7550501823
0
32988.6185779572
32309.657186985
0
18851.7772188187
11167.6095132828
18500.8212099075
13003.8122501373
3480.96713733673
14589.3401670456
14020.7271175385
0
9862.69911241531
0
0
0
12628.1428956985
14386.6096973419
1814.19715499878
33889.3461322784
0
0
8719.06496143335
0
19619.7286548614
7157.60900306702
5779.2346124649
0
0
0
0
0
0
0
14578.5173206329
15110.3963623047
0
0
0
0
0
0
0
0
15009.4052209854
10806.9667444229
0
9495.5513753891
5928.32360076904
508.494679450989
25306.5559072495
0
0
0
41831.9568185806
13271.1328668594
22487.1384534836
0
12637.814406395
27936.9956293106
0
12239.922208786
27494.8243513107
0
0
0
0
7091.73735141754
40978.0581417084
0
0
0
706.246704101563
11656.1652202606
29523.3093338013
3344.86174201965
0
0
0
0
0
0
3325.53579521179
0
0
0
0
7000.24195957184
11469.5202198029
0
12599.1382884979
9865.21209812164
0
11890.9216604233
0
0
3656.90110206604
8562.96800231934
20533.0105605125
32923.5555286407
0
40425.9147882462
0
1640.22118759155
7962.6780090332
16194.5707435608
0
0
0
3193.83404064178
0
21725.1627025604
12494.5043735504
0
0
0
0
0
0
0
0
0
0
9628.98694038391
12435.5606222153
5276.06625080109
20423.4350552559
12644.7419548035
0
0
18643.3751440048
7428.31421375275
22854.928548336
36006.65259552
0
0
0
0
2510.99992179871
0
0
8842.45925998688
9073.76797485352
0
0
11056.5195074081
35995.696721077
0
16075.0516614914
7901.25484848022
0
935.494310379028
15594.4626483917
0
0
20687.4593296051
0
0
22891.0165882111
0
0
6317.84835720062
19049.9099626541
0
0
14643.8826293945
5207.87080669403
26048.5343399048
15430.1731615067
7199.20468902588
0
0
18657.3739824295
1381.20150947571
23671.406586647
0
0
17716.7408943176
0
0
0
0
0
27056.3152694702
0
19204.0121994019
35705.1888771057
15761.4981031418
0
12682.1905384064
0
0
0
20992.3627133369
0
17473.5883378983
26792.9602689743
0
0
6570.02754592896
23897.1141061783
0
0
0
10386.5366868973
12766.0271863937
2878.78102779388
36455.4799013138
9069.01543331146
0
0
0
0
0
3157.28023338318
0
18546.4052114487
4596.51645565033
0
0
0
0
17076.4576129913
5984.54328346252
0
0
24169.249707222
0
49880.2023935318
18235.7958297729
0
6413.18505477905
0
0
0
0
0
31552.9147748947
18517.5897006989
0
0
0
0
0
0
0
0
0
0
0
0
0
0
0
0
0
0
0
0
0
0
0
0
0
0
4787.57679513295
8364.8237829844
48461.1788621902
39890.6842924436
106559.726908366
89856.9974452973
133115.733624204
86310.596822993
199209.79815464
245065.057112058
243532.12841498
321458.547735596
349506.993193086
339387.346532313
387440.6782341
379166.877452405
351571.286458079
381727.175771332
334226.068973668
328082.237971942
321060.854376984
281991.56288503
224769.723546282
212831.76194458
195603.136591275
154596.092205874
111994.552569771
27103.509913381
28699.364353625
0
0
0
0
0
0
0
0
0
0
0
0
0
0
0
0
0
0
0
0
12999.727640152
0
0
0
0
11635.2980651855
21591.8515949249
4242.33319950104
0
12903.902431488
13620.7182130814
0
0
0
0
0
0
0
0
0
0
0
0
0
0
0
0
0
0
0
0
0
0
0
0
0
0
0
20275.2808765998
62839.4019400523
52050.7795304518
128797.117853311
81915.1580442282
139060.746334663
157525.27879891
190832.983952596
198970.457413013
263009.754437006
200527.404518861
262443.364664078
262793.612975341
311677.57072302
294313.161929791
255064.116818355
255742.487777857
260299.397740731
161543.940403571
206665.064882132
117496.54631622
92150.0635283544
63245.1578469643
12539.4267604535
0
0
0
0
0
0
0
0
0
0
0
0
0
0
0
0
0
0
0
0
48671.6961774825
56100.3357934951
43622.5730648041
55830.861541748
50272.6025648117
76749.8987035751
79123.8696212768
56931.0790176392
0
0
0
0
0
1016.16498708725
0
0
0
0
0
0
0
0
0
0
0
0
0
0
0
0
729.116130828857
0
0
0
0
0
0
0
0
0
0
0
0
0
0
0
0
0
0
0
0
0
0
0
0
0
0
0
0
0
0
0
0
0
366010.713539124
0
0
0
0
0
0
0
0
0
3251823.73787117
11600901.9522095
16722101.6989117
21311457.8541307
27602562.9161625
32567075.435071
31774190.5578918
36999041.2835274
47796719.0916395
46386283.1233177
50772246.4351997
52849215.6306181
54050618.0588398
60230279.7982883
64395285.459898
59953562.5945625
59846183.4941196
61959532.380497
47764268.0056743
29122152.3612003
0
0
0
0
0
0
0
0
0
0
0
0
0
0
0
0
0
0
0
0
0
0
0
0
0
0
0
146055.776021957
67075.3724555969
0
0
0
0
0
0
0
0
43535.3973617554
0
0
30830.0903987885
0
0
0
0
79344.5982761383
0
11396.1249847412
0
0
0
0
0
0
0
0
0
26955.6505680084
31928.5468101501
0
0
0
0
19057.6169266701
0
39146.3729391098
0
0
0
0
0
0
0
4344.43164634705
35.8884677886963
0
0
0
0
499.551886558533
62050.8594703674
0
0
0
18022.781191349
0
14365.5021247864
0
0
0
0
20663.7121086121
0
14447.129117012
0
26562.3128261566
20383.4091205597
0
0
18366.1832122803
0
0
0
0
0
0
0
0
0
32712.3578519821
25634.6909723282
0
16139.7145185471
64784.3739767075
0
0
24504.5421333313
36546.970498085
27513.8224563599
11357.513481617
0
0
21926.487654686
37203.4673080444
67048.8511590958
28708.7756376266
0
2567.00619411469
0
0
20456.1064357758
0
0
0
0
0
76963.3658342361
0
31714.0610265732
0
0
0
0
0
4017.93128299713
49366.2283906937
0
24340.6728477478
19144.4815149307
38278.7889995575
45165.3737444878
0
43057.4659519196
0
47322.2664518356
0
0
0
0
37520.3524656296
31109.2444224358
8294.15854167938
0
23535.0408420563
0
0
12107.5997924805
0
27695.9808444977
0
0
0
0
0
0
0
0
0
0
2764.87693214417
16500.9651846886
0
0
0
6040.72181129456
0
0
34324.7156476974
40949.8179397583
29138.7962207794
0
0
48719.9312362671
0
52869.9432210922
45285.1360015869
45618.340057373
22277.1181659698
0
0
56201.258518219
22638.6116113663
43632.5640964508
45833.8088998795
10680.1367235184
0
0
18061.8405637741
0
20769.6458568573
0
0
0
0
0
22732.6829080582
0
0
0
0
0
32979.4909849167
0
0
0
2578.60778236389
0
0
0
0
21533.2206888199
10873.8060979843
48949.8734388351
0
10470.2846708298
19623.3127279282
53698.5113172531
14397.1462082863
220.487771034241
0
0
35438.6687059402
51287.0014638901
40528.9096446037
25456.6147270203
0
10525.3416547775
0
6598.81596851343
36002.6420907974
0
40506.6996440887
0
21165.6126995087
0
27096.429731369
3866.92616558075
0
0
0
0
21156.3763999939
0
4381.48046875
11153.347070694
0
7112.14318418503
5496.41638088226
0
41752.5325136184
16485.3169269562
0
0
10902.8813877106
0
0
0
2434.86688804626
0
0
0
0
0
0
0
44184.0005369186
0
0
0
16571.7217879295
27212.4695749283
4034.40665817261
13231.5293579102
34784.2092618942
0
7910.70295238495
38559.6058530807
12714.0249009132
4477.52140903473
7625.75338077545
12901.2846956253
0
21157.0247116089
0
47614.1757755279
14314.7042322159
27115.3111534119
3145.84320449829
0
0
0
16234.5392904282
0
0
5137.56321716309
12183.0676879883
0
18821.5848054886
23271.4848594666
2325.42424488068
0
0
1584.57462120056
0
14124.9654774666
14746.0434865952
21755.3483381271
0
0
0
0
1742.13278484344
0
17.7305421829224
7443.85770606995
15094.1277532578
0
0
0
5991.00047826767
1538.86706829071
19199.2227973938
4799.75418567657
0
11382.0319414139
0
45346.9611749649
8853.46834564209
0
0
0
0
8589.91118812561
0
23372.1273326874
25068.8712825775
22007.7345438004
0
0
0
0
2278.37784576416
8925.89585113525
0
0
0
0
0
0
1990.00419807434
0
19920.3044681549
30012.5753259659
0
0
0
0
0
0
0
0
0
0
0
0
0
0
0
0
0
0
0
0
0
0
37308.0324544039
33730.2928813587
8038.8536251242
46988.6559832312
34253.905482032
28285.9064971749
11988.6041904796
20364.4809528264
0
0
0
0
0
0
0
0
0
0
0
0
0
0
0
0
0
0
0
0
0
0
0
0
0
0
0
0
0
0
0
0
20418.8492412567
106971.630859375
230129.096372604
335802.257451057
444626.881485939
504251.0542593
569659.082886696
671405.322488785
624673.62084341
675159.613172531
612028.724504471
580661.757621765
602776.813467979
473982.507707596
406996.924321175
259427.53150177
206890.477734566
80909.8929443359
45401.5929098129
0
0
0
0
0
32831.1350011826
0
0
0
0
0
0
0
0
0
0
0
0
0
0
0
0
0
0
0
0
0
0
0
0
0
1100.9897069931
0
0
0
0
84012.589384079
200592.442451
335829.262028694
481671.992733002
636388.111510277
651986.655792236
755139.707447052
826709.957323074
1027682.32630825
1034933.04572582
1024635.50189877
917385.061405182
941501.953356743
883782.073377609
787178.870942593
577817.765582561
502950.688084602
354058.251276016
146574.356354713
65840.8134617805
0
0
0
0
0
0
0
17786.8414554596
0
0
0
0
0
0
29789.481511116
0
95.2097640037537
0
0
0
0
22044.378583908
0
51362.1248207092
0
0
0
0
21407.1355094909
0
0
77919.7073497772
0
0
0
0
0
0
0
0
0
0
0
0
0
0
0
0
0
0
0
0
0
0
0
0
0
0
0
0
0
0
19533.4422245026
15179.1733784676
54519.2044019699
32617.2418723106
4461.39945030212
1831.14353895187
53473.4362678528
6391.41672945023
0
0
0
0
0
0
0
0
0
0
0
0
0
0
0
0
0
0
0
0
0
0
0
0
0
0
0
0
0
0
0
0
0
0
0
0
0
0
0
0
0
0
0
0
0
0
0
0
5563186.14317894
12093649.1773596
16865905.0612774
21211327.2787218
30443829.0734997
31434589.5309496
32740045.6858158
36951208.1219396
39190481.931241
47705404.4155369
53937407.3211121
53734124.9653234
56526783.6982016
62105045.5973577
56658673.9603939
60718006.3868809
61510559.6686096
61590469.6342125
50086631.1287308
23644725.3889322
0
0
0
0
0
0
0
0
0
0
0
0
0
0
0
0
0
0
0
84845.5337734222
21728.695608139
0
117988.604542732
32132.6001358032
0
0
0
0
0
16998.3932332993
0
0
0
0
0
0
0
26871.6505851746
0
106534.932489395
0
0
0
1624.11186599731
0
18265.7397489548
14785.1379880905
0
0
0
0
10064.2032499313
358.712870597839
0
28048.6337766647
0
16332.0584869385
0
22641.5037221909
0
0
17179.8255076408
14542.7027068138
38568.836853981
0
14929.5837774277
0
37172.0548295975
0
9455.25746822357
0
0
40014.6632242203
0
0
0
39655.1389503479
3742.15652561188
27957.8112602234
0
0
0
24943.290802002
0
15463.9225296974
50029.6743202209
0
0
707.397366523743
15793.4589109421
0
0
0
0
0
9368.77962875366
0
0
39504.5109958649
0
0
0
0
0
0
29982.2847490311
0
0
0
0
0
0
0
2635.05945777893
0
0
0
0
0
0
0
0
0
0
0
0
0
0
0
0
0
0
0
0
0
0
0
0
31979.4345816562
9240.63020836678
65076.0155447408
82248.8897050055
174116.458514013
206675.420580161
304631.677416074
490414.952635966
655794.329462227
810734.465044172
1049950.29921783
1267772.88732443
1640627.10712393
1773033.25562578
2137273.16477254
2359519.9359951
2647363.05067298
2801364.918755
2850978.5355715
3298956.27106466
3035878.82355677
2969870.08464989
2827967.65273983
2657764.96633414
2365637.42269255
2280614.43802427
2025299.08633729
1803917.19244641
1557607.67432514
1324830.97466243
1153479.31611166
961274.145316676
762644.007821133
577802.997174765
501793.269576073
445788.859716867
317063.981061885
313303.461683675
179176.785747428
156914.041116589
179066.479368059
96111.0076020391
87231.6690242667
41212.8819353706
61636.2693889015
10151.3477069956
0
0
24222.7163778606
519.274841408944
28967.2103286543
41064.411755612
24927.8995919479
0
0
0
0
0
0
0
0
0
0
0
0
0
0
0
0
0
0
0
0
0
0
0
0
0
0
0
0
10974.2566194534
0
0
14961.2979316711
11376.1686086655
8373.01280975342
0
9889.60705280304
16738.5727243423
19108.011051178
0
16380.7081136703
15651.6753559113
13457.6068754196
0
36730.1852970123
56312.6969079971
1775.59502315521
36438.5877695084
62934.6561365128
35203.9067764282
0
38831.4649715424
14464.1395740509
10753.1927032471
0
0
0
59906.1353654861
0
1407.46986579895
0
0
0
0
0
0
13424.1097755432
12112.2815351486
25688.3715429306
0
0
0
0
0
7862.25514888763
0
0
0
0
0
40757.7200889587
6022.17837142944
8518.47401046747
15953.7699632644
16873.5409789085
28022.139837265
0
36390.1689996719
0
3284.94723987579
0
0
0
0
0
5537.60993480682
0
0
0
31425.6721048355
5079.30652904511
4178.6452922821
0
19046.5611572265
8123.2847328186
0
0
0
0
0
27075.3803462982
11926.1811637878
18738.2994689941
7638.11996841431
18715.4825878143
17976.445962429
14205.392786026
0
32440.9285421371
0
3077.30403423309
0
17303.5553588867
7273.59420967102
5585.2593793869
0
0
0
12514.566889286
0
4486.61399650574
17312.1060757637
0
0
0
0
0
0
39537.5311288833
0
599.147302627563
0
32671.091427803
9370.13527870178
7333.82219982147
0
0
0
0
0
47150.5933361053
2577.12652492523
0
0
0
0
1599.78382492065
7607.80936861038
13712.1300582886
14318.9060792923
33348.7095212936
0
12347.4421539307
0
30064.9789180756
15891.4572534561
18313.86028862
2553.14091014862
1732.38009929657
68388.7160873413
0
47966.4215145111
39628.4433073997
0
0
32552.1404399872
0
0
0
0
0
0
0
38367.9904670715
0
32954.7850551605
0
51726.4229907989
38819.4729719162
36217.9242181778
0
275.31015586853
5680.28302383423
0
13004.2181720734
0
24084.7887973785
0
17068.867890358
0
0
27592.7479801178
18129.0197935104
2961.45387744904
0
3901.1337184906
16762.4678668976
40101.8903017044
0
8085.74434375763
0
0
0
17269.7547254562
0
29614.0751056671
5377.27886486053
0
0
0
0
0
0
0
17979.9167127609
0
16672.7660007477
0
21738.5504388809
21959.4071121216
15839.1825742722
21021.9786138535
16895.5905780792
0
22040.399553299
18339.0776176453
18997.4023571014
0
19599.226172924
0
0
0
0
0
38415.8897628784
26137.4343490601
0
0
1269.50192928314
10433.4666547775
0
0
0
54270.381026268
3059.16478824615
0
7326.62416887283
0
4941.66086101532
51286.8554878235
5075.62653446198
13701.3957395554
0
13821.3637981415
0
0
0
0
34321.8472824097
22303.2757787704
43372.6972866058
0
6378.85829353333
0
15778.2344026566
0
0
0
0
0
0
32009.3542194366
40481.3559856415
48668.9729881287
0
0
2718.56114435196
0
0
23761.7047109604
0
16468.2380847931
10254.2366623878
22271.5575041771
0
0
11170.7901239395
7638.60809898376
8429.41904973984
0
0
4763.21170663834
0
25092.2211532593
0
392.555196762085
3984.60932922363
0
0
0
21801.1313853264
0
17826.0141801834
4645.04801845551
0
0
0
0
0
38456.6543273925
0
10262.3273897171
0
2718.18885231018
44997.7415027618
8984.80907249451
5014.59160327911
16416.3528423309
51903.6927890778
62081.4206361771
71813.2004623413
53530.8992414474
89075.2610549927
26016.8565216064
27881.1273722649
18590.8329305649
21340.2576618195
0
15385.936583519
32369.5296926498
2706.62813854218
5417.91856765747
10926.7001810074
10956.3431348801
0
0
0
0
0
0
0
0
0
3296.24670219421
0
15256.6272306442
0
0
0
0
0
16411.7540168762
0
21372.7416353225
0
0
0
0
33823.1849775314
26005.5203638076
14683.6157646179
11342.6609582901
30125.7662649154
0
0
25556.8248748779
0
0
0
0
8206.14464855194
0
27718.2005338669
0
39448.7543773651
48553.9674425125
32466.9323692321
7792.04752349854
19106.0309228897
0
0
0
33229.4944143295
19960.7584896088
23379.4289569855
0
0
0
0
0
0
0
0
4017.56537532806
4526.10024452209
0
26752.1486024857
20529.3846087456
0
46125.1586475372
15390.1246571541
0
3298.76810359955
0
33589.4347667694
2416.96947669983
0
0
13375.0380015373
4480.8218460083
0
0
11115.9126815795
0
0
0
0
0
0
9453.9915766716
25351.265914917
25800.4040603638
97731.1443748474
51847.6685056686
51679.6903495789
64002.9740715027
39922.6640281677
59779.5565509796
82163.8379707336
64467.8165335655
90300.4405879974
109683.951962471
48278.0993943214
10745.9637889862
3215.85657453537
0
27087.1488170624
456.798274040222
11479.986738205
8329.48746299744
0
0
0
0
0
0
0
0
0
0
0
0
0
0
0
0
0
0
0
12774.0136060715
0
0
0
0
0
0
0
143359.915772438
271610.184706688
515093.751736641
629441.545372963
979536.276233673
1030227.50924969
1206014.28066731
1260879.43320465
1241997.15898323
1276452.23471832
1368920.26523685
1247496.21429348
1034208.07235336
1045797.34604263
814666.088885307
671587.361390114
517652.069252014
388100.464505196
241663.110420227
209376.62250042
0
0
0
0
0
0
0
0
0
16343.34379673
0
8912.61256122589
0
11409.9063644409
0
0
0
0
0
0
0
0
59353.2464017868
12469.802400589
0
0
0
0
10016.630853653
0
12577.4440841675
14304.0334758759
6376.17292022705
0
0
0
0
0
0
22809.0087871552
10040.275677681
325.393513679504
5951.02042675018
0
0
0
0
5600.2165460586
6838.70708560938
1438.36248970032
0
0
0
8145.2363147735
20427.5962181091
0
15331.7510290145
0
0
0
0
13283.096543312
0
32398.3382072448
0
10513.4099302292
26109.6048717498
32657.416483879
11715.5521774292
0
8745.92171859741
0
13260.6067233086
0
1879.06901550293
0
32420.5122137069
0
0
3244.19758224487
8732.59674167633
63432.4747343063
5979.20426940918
0
0
0
0
1732.25381183624
10409.0765142441
39906.3382720947
0
0
0
0
48328.1492767333
0
0
14558.6787481308
5681.63110637665
0
0
22580.2727098465
8597.1358757019
69478.7480792999
4732.67633867264
0
0
0
0
24565.9573349952
0
0
0
15387.3140935898
17010.2263898849
0
0
0
19616.8272132874
0
5442.21509599686
6751.30061626434
56432.3024373054
24645.3522715568
36793.0318431854
30998.793437004
14272.2193336487
15679.4794082642
12879.6891355515
0
55686.7929124832
0
0
33332.8907146453
21379.76841259
24023.7704496383
2227.12150192261
0
0
0
0
10845.7496862411
0
18580.3924779892
0
0
11682.1325159073
0
0
0
6224.22556591034
6236.07476329803
0
6463.30938434601
7907.21238470078
47287.7456598281
13634.8905267715
14948.3446884155
0
7252.50811958313
0
0
0
0
0
0
0
0
0
0
0
0
0
0
0
0
0
0
0
0
0
46700.9195349216
38796.2485108376
23071.1799829006
0
0
0
0
0
0
0
0
0
0
0
0
0
0
0
0
0
0
0
0
0
5617.95892429352
11768.6995768547
0
0
0
9978.0850276947
0
0
0
879.581088066101
0
40691.7564573288
0
20177.4208555222
0
0
0
7034.62718868256
19650.7828702927
18399.7059698105
0
7519.30932617188
0
0
19480.1009817123
22806.4159679413
0
0
5843.23727703094
0
1071.27149105072
0
0
16357.6498413086
0
0
16332.7819042206
0
802.279660224915
4022.59371757507
11763.9419403076
4886.78059864044
0
0
9712.90581893921
2885.71983909607
23958.3268938065
0
0
0
0
12866.389626503
0
0
0
16637.0389213562
11036.4232473373
17862.6570515633
0
33910.2525706291
16329.3798604012
11652.6250801086
23655.2396192551
47519.3244924545
0
12076.4311141968
20743.6830196381
3642.73398637772
18923.7371082306
1287.52728462219
5406.01675510406
0
9972.05094623566
0
0
0
0
0
0
0
8735.04274463654
0
16060.0963964462
0
0
23719.544904232
0
0
4260.66039562225
0
8125.96819400787
0
11482.047791481
23980.0166130066
0
0
2169.76560497284
0
16008.6040811539
34527.2326874733
6462.57197761536
0
3607.24497890472
0
0
10609.7685804367
0
34688.9750127792
0
1939.20447349548
0
0
16982.4759836197
12005.5209255219
17375.4238195419
3278.08195972443
23221.6825532913
0
29870.7430858612
0
0
0
0
0
70.088475227356
0
0
0
3003.84537029266
0
18485.8006916046
12931.2276382446
0
17851.6452207565
17092.736562252
5522.01853466034
38527.5939283371
1258.26857948303
33588.3070726395
37104.379945755
0
26552.7621459961
22758.2589635849
0
13210.0341005325
2447.37008285522
1271.30742645264
0
0
2536.69905567169
79.968620300293
0
0
0
0
22508.6491994858
0
0
39202.5056066513
28460.4863328934
26022.5027050972
0
0
0
2193.67473125458
0
5678.65529251099
33429.9365262985
18764.6893615723
0
0
23626.5302276611
0
0
23347.3872537613
36480.2815313339
18688.1569132805
0
0
0
6217.6935300827
0
10987.7394371033
0
0
0
0
19091.1673412323
0
21547.1451458931
5760.23592567444
37278.8872737885
0
4499.86751937866
0
0
33074.5643291473
12554.4154224396
0
69862.9057826995
8574.25787734985
0
29280.4885454178
9293.39006233215
0
0
0
0
0
0
4110.95366096497
8993.51321029663
13324.4687099457
0
0
3867.38913488388
8462.00831604004
8399.28729057312
7689.13048839569
0
0
0
0
0
0
0
0
0
0
0
0
0
0
0
0
0
0
0
0
0
0
0
9336.21744125965
28186.1642146391
37672.6176694608
87795.1583110958
100616.883961734
188159.332044508
235814.5279386
345852.939031208
422087.789327079
567238.385074877
755494.878999822
870135.940166436
1144124.1906641
1390089.995752
1676955.35742711
1919960.72762426
2181782.38163727
2521275.70814898
2715688.85777651
2897054.74041386
3293273.06895404
3348099.45544948
3169996.1459534
3291370.80698688
3263125.23687737
3079029.91364933
2981367.85063039
2675111.99140878
2425639.97342805
2263667.65194429
1837628.43491266
1567109.29810698
1311047.72962824
1040335.69534446
1018301.4916595
798045.103088089
577760.975289382
493739.520148165
380321.959678388
250653.222790307
248990.574741756
140260.014086013
121725.700267885
94175.7301186954
66120.545803818
84983.9398256564
50680.3763642031
14103.7905419481
25617.4201289719
0
0
0
0
0
0
0
0
0
0
0
0
0
0
0
0
0
0
0
0
0
10788.5597991943
13241.9026904106
17896.33781147
11060.0940322876
0
10659.8736085892
614.174501419067
0
0
0
8355.02935695648
0
0
0
0
2949.90689373011
10466.2143020629
0
19898.0021915435
0
0
0
0
0
0
0
0
0
0
0
0
0
0
0
0
0
0
0
0
0
0
0
40583.3496673107
17827.1706676483
70603.1731526852
57441.6108765602
118970.789768457
237547.721418381
289778.852191687
375904.172671795
425132.657819986
573345.570290565
675863.112682104
761343.128993511
941444.056569338
903933.116140366
1022964.87684226
1015705.70749617
1044152.17847848
952309.944930077
904902.331393003
871078.669211864
760876.77651906
634846.003479004
560993.192489386
530493.212803364
362308.184872866
311355.687335968
247157.683287382
203968.219155788
107464.561943293
97119.3670349121
66059.2553594112
10924.4328560829
33535.0742857456
0
0
0
0
0
0
0
0
0
0
0
0
0
0
0
0
0
0
0
0
14470.1742730141
0
0
14082.1345558167
2422.72370815277
0
0
23195.3547649384
21422.3717031479
0
16551.8190717697
15133.0684771538
8771.47699069977
36399.3932657241
37007.8352203369
0
15427.6562271118
0
14688.4408259392
584.618741989136
0
28326.353392601
0
0
0
0
0
0
0
9193.7784910202
12114.5267734528
15241.671795845
9818.29061317444
0
51557.2485399246
1053.2373790741
0
0
23461.6029758453
0
12228.3012466431
0
0
0
0
22293.8135662079
0
0
31060.7355422974
0
27587.1539363861
0
27970.6316127777
9168.74017238617
30438.1602602005
1564.99692058563
0
0
14992.8295030594
38162.5111989974
41344.7672419547
0
0
14242.0501537323
0
0
29808.2149744034
28228.9120588303
0
786.724260807037
0
0
29516.6081695557
26460.4250745773
27922.0206594467
37826.7500228881
220.027126789093
0
0
0
7121.24371814728
0
41355.0443320274
0
0
9703.0338306427
0
0
0
0
30611.8680315018
0
3361.2231426239
35045.9256448745
30109.2553005219
8037.30316543579
0
0
0
0
0
0
0
0
0
6462.80783319473
0
8600.43377256393
0
0
0
14455.1865291595
0
0
27325.8100566864
0
21553.5281305313
0
0
0
0
0
0
21193.6305212975
60990.6935772896
100457.20432663
253949.391157627
360964.457640171
398574.928151608
548758.204097271
657171.268929958
568886.820830822
738121.85113287
606327.040542603
666040.157839298
623391.027239323
472210.464009762
401197.075431347
286618.988720894
245537.553077221
150944.726774693
87901.4388003349
24248.0802559853
0
0
0
7427.98505210876
0
0
5568.23829364777
0
0
0
0
6446.60487174988
500.471741676331
0
44912.5774841309
9412.27276325226
0
10522.453204155
0
11085.1806974411
2150.16772174835
30517.5353488922
0
0
0
0
0
10182.8457417488
20012.3939547539
0
35687.4521837235
18086.4231920242
7696.95384979248
0
0
0
2161.67177009583
0
0
6774.02933645248
0
0
38994.0366296768
2021.96192073822
0
0
0
0
11508.4733166694
6668.0596113205
0
27570.4961137771
15647.2663059234
70289.7471218109
1297.28990364075
52581.3070821762
13687.4833259582
55811.6767339706
0
15431.1302700042
0
0
0
0
0
0
5430.00848865509
11605.9533824921
0
0
0
4379.5771021843
0
0
2212.10897064209
0
0
8782.52737426758
0
0
0
0
0
0
5354.5338602066
0
0
19205.8045272827
23252.8319482803
23084.2119512557
1858.95299243927
0
55112.2706155776
0
0
12913.383023262
28651.9781370162
24199.6735839843
33279.7838163375
20602.5570554733
25462.8826408386
33853.6373357772
0
24213.1462841033
18363.9813842773
0
11250.4813423157
0
0
0
0
6399.42457103729
0
84150.4849987029
0
11309.9112215042
0
6522.65880012512
5168.45446395874
0
12550.5176067352
15396.8112564087
0
15660.4992303848
0
0
0
0
0
22922.970240593
11840.0443706512
0
0
5162.88150119781
25769.2980098724
62108.5816164016
0
0
0
0
0
31831.5700831413
0
0
75274.3310718536
0
28492.5407738686
0
0
0
0
5634.01541805267
20259.5369157791
27366.4191260338
8529.50250816345
0
29629.1955862045
20087.3049488068
45430.1673278808
4503.74502897263
0
0
0
0
17229.8986849785
0
2922.23660326004
0
0
0
0
26487.0755081177
38212.9395112991
0
0
41307.983865261
25339.2902898788
0
0
18704.335916996
25032.9920268059
22609.4602155685
0
0
3260.41388225555
50477.141374588
0
0
0
32663.2086019515
0
0
9018.44908237457
12762.1946630478
16789.9273562431
10180.2514677048
0
37799.389857769
0
8437.11970710754
966.506521224976
0
4295.31046295166
0
50971.1362028121
0
0
43485.7869739532
0
0
860.212048530579
0
3623.96458053589
13093.317984581
0
13231.8432264328
20116.7178869247
0
0
0
0
0
16707.2147073746
54990.1214237213
0
9872.05764484406
11852.2561793327
0
0
0
7604.37560749054
14565.4697809219
6848.92982959747
0
12834.0143203735
0
1798.56099891663
21293.7835731506
0
22152.0469388962
13992.2171611786
52653.2858505248
12965.6667518616
0
0
5740.2512588501
3774.70285797119
34577.0064954757
0
30307.6348323821
23375.2505674362
0
8173.29011249542
0
0
0
0
2197.31626033783
0
0
5451.80919742584
0
18222.868185997
0
0
0
0
0
12566.8897371292
23260.0345821381
0
0
1957.63140439987
0
0
0
9994.02664852142
7185.19389724731
0
21897.2115502357
0
0
10842.8315038681
15119.1528911591
35402.6077752113
5828.36714410782
0
13350.3084406853
0
0
0
0
0
15133.0299310684
0
39452.7431602478
0
0
0
0
0
0
0
10416.0384216309
88876.0950183868
72290.9862270355
71665.8116817474
156245.589374542
134336.807174683
200171.822779655
174563.468191147
161132.73589325
221279.480421066
120163.258954048
140499.849975109
150057.183919907
109103.227016449
155882.860601425
101801.322739601
80215.4683923721
73565.7049951553
80638.5559864044
16234.9737234116
0
25414.8585157394
0
27597.0054926872
5364.54792642593
0
0
24735.0870304108
0
10583.7532300949
0
8888.87278175354
0
0
0
0
0
2718.12371253967
0
1412.72076702118
0
0
0
0
0
20803.7465887069
0
1526.49277210236
0
0
0
47.3380432128906
0
0
0
46052.5050191879
28180.382408142
45380.2724494934
39510.8472566604
38072.9195652007
2983.04042053223
0
19557.6517219543
11509.9178128242
0
0
28890.6921916007
8467.71784830093
0
0
15866.048280239
0
0
25973.3179678916
12095.7895073891
0
27625.8135867118
49617.7549176216
13616.1496052741
0
0
0
0
0
0
28740.9937610626
0
0
0
5947.429895401
0
0
0
40863.2753138542
0
23844.6984353065
0
10622.9694256783
3221.54952287674
41553.3796887397
15530.0916147231
0
35090.7990236282
17650.2442731857
28649.0315818786
0
0
0
0
0
0
0
0
13472.7890577316
6587.18191146845
28491.7457799911
5196.60052680963
22342.3160953521
0
9877.58402061462
0
0
19006.6179800034
0
0
0
0
1031.74673938751
0
0
0
0
0
0
36121.0560455322
11787.1542167664
0
0
34585.4300312996
0
0
0
0
37778.4447336197
31786.2118625641
61971.1875505447
70536.5480709076
60311.3388967514
54833.9003343582
66428.9936885834
61236.4116125107
111495.127111435
88762.5015907288
99020.5517835617
61891.9195184708
79870.552406311
46261.7179851532
48935.8923177719
0
8405.78959655762
34102.3805046082
21382.1801023483
14708.9484109879
0
0
0
0
0
0
13461.1865692139
0
0
0
0
6491.83772087097
0
0
0
28950.3622808456
0
0
14009.0850286484
29218.5632019043
10997.6214647293
26434.0345687866
0
0
41296.5958709717
6587.98668003082
0
0
34323.9267301559
0
6247.53971290588
0
0
26107.9637737274
42310.0691452026
17396.5745096207
0
0
0
0
7535.86587142944
20000.9505748749
0
0
14602.4532175064
0
0
0
11612.7892222404
39012.1020231247
0
0
0
0
0
55893.1425657272
0
0
14153.3090362549
17447.5217695236
0
0
37565.7314114571
18086.4513778687
0
26762.2529382706
0
0
0
0
12280.9110612869
0
0
14687.6583786011
21274.099732399
42306.2109918594
18611.6256523132
28274.4788637161
40959.2707147598
4611.19472122192
0
36538.5563840866
19908.4386901855
29104.4860649109
25297.0811834335
0
22666.5079278946
0
0
0
0
0
0
0
0
0
0
0
22977.2052435875
0
123381.450070381
133273.282435417
195545.423178673
194530.257038116
207398.584602356
165065.291523933
216427.575063705
225196.176420212
194061.352005959
204893.424183846
179554.711380959
144657.511792183
130061.101685524
166466.570228577
89886.8472366333
111376.305644989
48625.5924072266
57832.7210626602
2571.68665981293
0
0
0
0
0
0
0
0
0
0
0
0
0
0
0
0
0
0
0
11643.4150180817
21898.246336937
63589.9683256149
63214.9978780746
69454.7775936127
120488.155018806
113779.654682159
156580.03928566
87815.5553102493
134955.37336731
99819.2848434448
113591.969547272
86328.8302497864
87703.484287262
59205.3044576645
14204.6338567734
43247.8190011978
8395.65521240234
0
0
166.81078338623
25616.0295124054
15302.8641319275
0
6841.58074855804
10247.3565139771
17405.0222454071
11837.5346822739
0
0
0
0
5917.33290100098
19783.3872699738
1300.38254165649
0
0
40678.11997509
0
0
0
24793.0087060928
0
0
0
20424.2815446854
0
0
2894.74814033508
0
21894.240858078
0
0
8703.86779880524
0
2527.83563518524
0
5600.02345085144
0
4847.88612937927
0
0
2957.5089673996
0
23788.4835615158
0
0
21555.1519060135
40327.3936595917
29678.7091646194
0
0
16510.1677284241
0
24702.3682098389
37298.5026631355
0
0
888.294973373413
0
24717.3902902603
16449.8312177658
0
26258.7398357391
18306.2077589035
0
0
0
0
0
36018.0737848282
20292.5170211792
6755.20089530945
59807.2014808655
0
0
0
0
10616.7319469452
21381.6326723099
0
0
0
35920.1901683807
39365.265083313
26529.3817148209
8945.64040184021
0
1744.18557929993
0
0
0
0
20472.2866411209
0
29136.3837156296
0
0
0
0
0
0
0
0
0
0
2903.112408638
0
13659.9143013954
0
86249.379029274
6825.49089622498
8381.78169536591
0
10251.2442507744
7100.79953098297
0
25651.0602436066
12613.609503746
43936.890247345
3815.07522392273
8008.56461811066
21516.7528457642
22707.3116283417
64698.3108205795
0
14399.9252233505
0
361.548732757568
0
0
14179.4373016357
0
0
39078.8778495789
2602.44451332092
35275.7121200562
0
29577.6214914322
0
0
0
25757.4389038086
13642.9044656754
0
0
0
16214.0082731247
0
30624.7611942291
0
0
0
0
6196.31648826599
14190.7992429733
0
5401.99181461334
34264.6706757545
12407.7225122452
0
39412.2999053001
0
17759.1913976669
0
0
40806.5549249649
26427.1219062805
41577.9452838898
27978.8768787384
13289.4890403748
0
0
2428.00288391113
0
37414.2628655434
19778.4575486183
0
0
28457.8309459686
2386.39799976349
12529.6829900742
4153.05190229416
18439.209195137
0
0
0
4109.00911140442
0
0
0
0
2911.15906524658
0
4220.10526847839
0
33538.7418661118
0
30667.1141786575
0
4517.86073112488
0
0
23688.4459013939
33188.2006115913
1513.57695579529
21733.0544195175
23893.6156253815
0
28885.3309869766
0
0
0
0
0
0
0
0
0
0
0
0
0
0
0
0
0
0
0
0
0
0
0
11649.301336046
54617.8032442675
44699.5667815936
86397.2292408863
104530.575035483
104128.425035784
245383.992324102
248320.822037842
407858.711604183
493748.347769721
612054.083289049
849036.434146703
999196.786086777
1269644.59795918
1466711.60354095
1800178.87830541
2147233.69195689
2456688.4413579
2762570.37043688
3116776.35968603
3446462.14530521
3278530.66982552
3868222.15335739
3933547.28725986
4018034.13938304
4053100.50551379
3990794.52984766
3594426.23309942
3457698.15395677
3381770.6294835
3164770.2236578
2744351.08696949
2494045.15139488
2197493.51185412
2069096.00845229
1630208.71270731
1490589.61435861
1140436.98848067
867442.410388494
773413.778731766
591050.665546757
535469.703425666
451301.977164446
373550.628959276
311465.632506387
201776.529971058
262395.266701553
147452.671236766
138454.167077711
77843.0410076077
139267.372055539
81074.2401689756
14942.1353639021
0
40841.612246675
39379.9155422065
0
0
0
0
0
0
0
0
0
0
0
0
0
0
0
0
0
0
0
0
35942.7012577057
0
15663.5254650116
9992.30460929871
13997.3790922165
0
0
0
0
0
24841.2102293968
0
0
0
20574.0852489471
0
0
20330.4372792244
5719.42405128479
0
9655.98686027527
0
7487.5092086792
0
27858.4954843521
0
0
0
19973.8443374634
8887.16275215149
0
12927.5798006058
4895.46391296387
39543.4077215195
0
0
0
0
0
0
0
8887.82416152954
8824.05551147461
0
28624.3908967972
17398.3117742538
18541.9786291122
12094.4610776901
0
46473.7535815239
10604.1980438232
0
25464.6381340027
25949.8848552704
0
0
0
0
0
0
0
0
0
0
0
0
0
0
0
0
0
0
0
0
0
0
17556.4948837917
8210.71546986897
17618.3279664994
27860.2694864909
53974.5760348638
81260.3890338897
38433.3464344661
92128.5490876515
43405.8935150147
54674.861365954
72319.2279671987
71283.7247583389
53116.3468804042
9338.89477895095
0
0
0
0
0
0
0
0
0
0
0
0
0
0
0
0
0
0
0
0
0
16443.5666599274
9629.95831680298
25369.3333444595
0
9971.46718597412
0
19.484486579895
0
14676.3674936295
16670.7068166733
0
0
0
0
17170.4469633102
0
0
0
20356.3741827011
0
26374.261095047
17686.7825670242
0
25819.3707256317
2463.02825164795
0
32396.357624054
0
12626.0295629501
26463.3055906296
0
0
20760.02202034
61436.8634357452
50488.9513292313
0
0
28877.206952095
17359.2475223541
3290.86215877533
0
0
1984.45845985413
0
6653.94976520538
17885.2055540085
48714.4714136124
0
0
0
0
0
0
1642.10880184174
21973.1511545181
0
0
0
4771.86009120941
0
0
0
0
0
0
0
0
0
40125.7367830276
0
0
0
0
0
0
0
0
0
42920.5460290909
445669.035059929
966778.339852333
1358741.61133957
2030721.28304386
2309283.32267666
2569215.11264133
3110882.5864296
3472652.03726292
3536021.84494305
3381057.72990894
3212739.49063396
3042270.48464489
2719095.90510178
2329968.3832798
2124331.7924099
1573134.13782406
1220809.48494864
735342.819954872
467717.192770481
0
0
0
0
0
0
0
0
0
0
0
0
0
0
1686.19368028641
0
36735.3290362358
0
0
17727.9202976227
0
0
0
17331.4985494614
8922.01403331757
2990.92336940765
18404.5372657776
0
0
0
0
0
47753.5748710632
0
0
19487.771780014
0
0
0
3638.40664386749
0
0
40452.4666194916
0
0
21808.4426116943
26245.3492679596
32142.0556726456
0
0
0
35219.6686954498
35322.5760946274
88.8375701904297
0
0
0
0
20609.4417829514
14408.1454954147
0
0
0
0
14199.4623422623
14298.5709619522
0
0
0
0
0
0
0
0
30745.825709343
0
0
0
14345.9794130325
29143.5552778244
82711.1979494095
22665.4374742508
18125.3730177879
59547.3511457443
57446.2813491821
0
15165.9184827805
45979.8797159195
12704.2524023056
0
0
0
26247.8440337181
0
0
0
0
0
22707.2241711617
0
0
30509.9321889877
3250.19686412811
48328.5341091156
0
31287.6029853821
18990.020026207
49828.1681022644
52729.2780714035
73533.9305105209
6217.39574718475
0
11463.797036171
0
16493.0166244507
51159.1969203949
10011.586836338
0
0
4139.11574220657
0
21344.0452504158
0
0
0
0
0
23545.3538761139
3143.75782966614
0
7930.63129615784
0
0
5279.96644592285
0
29255.9879980087
51549.4139184952
0
28944.5188736916
0
0
18584.5458321571
0
12331.0702171326
0
30295.5350894928
14217.0083322525
0
0
0
0
43922.06772995
32059.8570423126
17745.6661119461
0
0
0
0
0
16181.6032018661
0
23371.8866815567
0
48046.9199666977
0
0
20970.331278801
0
7282.5899310112
0
11535.0186786652
47531.5220108032
22563.099822998
37745.1707572937
42970.8805894852
0
21402.0423278809
31257.7668991089
0
0
0
0
0
9771.42754840851
4542.28819322586
0
0
9645.64220476151
0
0
31770.8047933578
0
0
0
7414.74516582489
22222.2840423584
0
0
12416.3274993896
6461.23627662659
0
5383.74733924866
14795.0175695419
0
0
0
0
20587.5352067947
0
0
31353.201851368
49689.20195961
0
25867.8590364456
3868.52016544342
0
0
34981.4536833763
38641.379550457
0
4417.22793769836
0
17189.9130582809
41859.1295919418
0
29813.8689966202
0
22757.9992775917
2283.74619102478
0
0
13838.7093801498
0
30484.9923267365
0
0
0
19574.919093132
0
54980.4119844437
0
0
30233.0484008789
0
18891.0313501358
0
0
17285.0821170807
24860.3884496689
12235.9118232727
0
0
14729.4284992218
0
0
0
0
0
0
0
0
0
0
6174.87556743622
0
36723.1025900841
37006.3090753555
0
0
16940.6036520004
34660.892156601
0
67719.7376966476
41362.0353899002
64031.6249256134
55272.932847023
167746.692171097
73342.1720314026
172374.358599663
105583.917007446
75463.382004261
106295.168597221
103168.411221027
82726.3029851913
68448.7029685974
17544.9373478889
3683.3599691391
20184.4320678711
22827.7654953003
6594.91951751709
0
27602.9791665077
0
9164.05538368225
0
0
0
0
0
0
28801.2226419449
0
0
0
0
20528.8699483871
0
0
740.68263053894
0
48456.1556396484
0
17105.3848028183
0
17615.2035064697
36212.9130439758
2215.67502975464
0
0
27724.6656675339
6906.82514190674
0
0
4207.95654201508
0
0
9907.5911359787
0
36604.9557847977
0
16857.3921957016
42051.9343414307
0
0
0
4338.4590139389
0
0
22669.082461834
0
35035.525475502
879.085566520691
0
17696.1982164383
69079.2315282822
61453.0583257675
0
30978.3361968994
0
0
15818.0917978287
35699.4144201279
0
18634.6866312027
20483.0155849457
21423.4817419052
0
0
5922.82821273804
0
52242.9111537933
0
9248.59115600586
20472.6511764526
9026.05435943604
0
0
0
0
0
0
0
0
0
0
66345.3308582306
13097.8322458267
25772.9731254578
12370.8721942902
16918.047501564
4285.69438362122
0
0
0
16627.9069213867
42902.9865150452
24333.4909029007
0
0
1742.46246051788
0
0
0
0
28110.1084527969
0
0
0
0
59071.0343599319
57831.5815076828
52203.5573925972
1475.22292852402
0
23782.7732481956
0
0
14287.699587822
49037.7531347275
45308.8987998962
34815.7603778839
7623.28866100311
0
3566.25196409225
38661.844502449
34640.7077298164
8100.75169467926
16268.3244361877
21115.8478374481
0
0
36323.0611104965
0
0
0
29158.167883873
5358.01681613922
0
0
9069.32089805603
0
0
0
0
21528.5411510468
0
0
0
0
38872.5588870049
17865.7610960007
9454.77066135406
0
0
15597.1517276764
0
7734.96416950226
0
11039.0750513077
24021.8923511505
23754.0287070274
0
0
0
0
24448.3866472244
0
3426.80551528931
14768.8380069733
38993.1054639816
0
6057.10109519959
32001.8671560287
0
0
23013.1420965195
0
9906.80616092682
1147.77778339386
0
0
3728.73099136353
0
12333.2174224854
0
0
3695.64251327515
0
0
0
2107.89373588562
0
33792.5583238602
18493.5552959442
11410.4710149765
9146.78604459763
9064.87211608887
694.733860015869
0
2677.65382766724
2888.04327106476
0
49722.4571704865
0
0
0
0
0
60274.0931568146
24321.8152179718
18808.0457429886
0
0
0
0
0
0
0
0
51796.357170105
56824.2059230804
14063.6294660568
9103.4800786972
21183.0934305191
57824.5344638824
88030.0110626221
69717.3884887695
126770.337896347
142689.988572121
140185.028284073
112821.2725811
128255.898610115
84566.2519197464
93317.7395324707
74958.8695802689
87436.6819887161
59610.7100334167
16230.2461805344
43661.5673208237
0
0
0
0
12001.3340930939
0
0
0
0
0
17923.4451885223
0
0
6360.29904222488
23378.9343900681
3039.9074678421
0
1071.01522636414
0
22540.3544120789
0
0
6942.55375957489
0
14916.8762292862
0
3207.84860420227
0
0
24111.3212366104
0
0
0
0
0
0
17092.6741857529
0
0
20877.9797577858
30379.4227366447
0
0
0
15392.1660604477
21659.6491594315
32228.125752449
850.945316314697
0
16800.0327978134
0
0
0
0
14269.6688747406
5989.1396188736
55947.2610378265
0
0
21334.3283262253
1518.39305496216
0
5093.77380466461
41457.2206249237
9482.58432102203
27448.534485817
24462.9706668854
0
0
14391.5050930977
0
0
0
9019.83279037476
0
0
0
21817.8927927017
38186.6268949509
6351.42287158966
0
0
0
7436.82279682159
33652.9392976761
0
30424.7456846237
36933.149723053
0
0
0
23685.5782804489
0
55001.937458992
23179.3686676025
18871.2793531418
0
40118.1688337326
0
0
9765.44717979431
0
610.689738273621
5714.49977016449
0
4970.74426078796
52652.2860918045
0
0
0
0
27442.064209938
2898.13456916809
20605.4364805222
26223.0041790009
0
0
0
4594.75655460358
0
56073.2463741302
0
0
0
13118.8920059204
0
0
0
26661.243350029
0
0
10516.1377825737
9223.63319206238
29696.7539558411
4813.55672073364
62026.3801870346
0
26865.2146100998
0
44395.2005519867
0
2061.17346954346
0
0
0
76041.242102623
50453.9319081306
12046.9001784325
93.1753902435303
22928.0236287117
0
13895.2216253281
0
0
6473.63056850433
0
15983.5133008957
22870.7897815704
0
0
15643.8311862946
12319.7482337952
0
0
0
21474.9843416214
0
0
0
0
0
48078.3412208557
39928.1377706528
8727.87488555908
0
0
4293.33177566528
18126.678981781
1585.88003921509
25770.2916073799
0
0
27345.210100174
11324.0933551788
0
0
24680.2018847466
19812.9011192322
22817.092754364
0
26694.2226438522
0
0
0
13876.3629879951
9732.9331407547
17973.4586610794
0
0
13480.0799751282
8277.53521108627
0
0
50508.4088778496
47595.7398600578
0
0
13490.0380773544
0
22851.2989163399
14705.6035656929
0
0
22720.2414875031
0
0
34126.4491834641
4191.56881856918
0
0
0
2269.51777124405
0
0
0
0
0
0
0
0
0
0
0
0
0
0
0
0
0
0
0
0
0
0
0
0
31213.5994210676
32668.7263596709
26120.9439431104
1136.70399462094
92317.7095943798
111288.626208695
106879.100527937
110156.904845194
216564.765477874
218931.857666969
263156.939122937
328366.870120092
302974.652799433
392260.29146823
424360.289246906
526568.151183258
455950.307744893
538129.623980219
527622.245321707
595687.044147708
608935.617832184
523784.979017041
507013.348683877
534047.375472372
501564.086102096
394624.914657463
442049.426863324
396474.212749871
347737.861122305
381039.646702723
247927.370082595
201956.112379551
188850.880379937
126386.996881528
155403.181304281
131796.517337409
100933.364911426
48325.6832324375
66152.6817120638
24206.6500059908
0
32993.6616747163
0
0
0
0
0
0
0
0
0
0
0
0
0
0
0
0
0
0
0
0
0
0
0
7505.54058408737
0
0
0
0
0
30442.2703695297
0
0
42214.2904129028
2627.81362009048
9973.49334621429
0
3215.2678899765
7764.46075725555
0
0
0
0
0
0
2109.5186548233
31718.2282543182
89617.438955307
13476.8531169891
29380.6402959824
39349.8502187729
0
21861.7692070007
30734.0513982773
0
63728.942419529
0
13710.977350235
0
0
6757.11149024963
30520.9102697372
34534.4525556564
0
19638.9213814735
0
0
0
0
0
23529.2569894791
53941.7752332687
0
0
0
67.3617534637451
41137.079035759
19922.9011859894
0
0
1238.15899753571
19988.5519151688
0
0
0
4106.02056503296
0
23011.2397909164
0
40514.3363513947
0
0
11572.1622438431
0
0
4211.05350017548
28698.0339441299
6790.49901103973
19120.3237018585
39388.5032114983
19006.2932538986
0
10828.7253808975
65989.8964757919
35218.4882946014
0
0
6301.73184490204
17525.5183467865
0
0
0
1081.02794265747
14067.977265358
16072.5187540054
3869.01872062683
0
0
0
0
0
23293.5314397812
0
0
7766.80116796494
11982.2784795761
25223.4617118835
0
0
0
0
0
0
0
17940.8020839691
453.566776275635
0
0
0
2260.36352586746
0
1256.17436504364
0
7609.73537635803
0
24516.4020776749
0
32849.6163110733
765.326490402222
36191.8251905441
0
43494.2038884163
0
658.10293674469
0
10549.5030422211
0
17866.589056015
0
0
0
286.509184360504
2407.76740121841
3700.31474637985
0
0
30884.4023599625
13914.3998680115
31239.48042202
62942.6870880127
27429.7925462723
0
0
9644.68276691437
12421.1165552139
0
41328.1357164383
0
54311.9342031479
29363.9963331223
18482.7625246048
0
0
0
0
0
0
0
0
0
0
0
28576.5344705582
0
18718.2492055893
0
0
23769.9167451859
0
0
10657.2840251923
51305.7667627335
52638.704208374
16603.3721723557
129852.717526436
139910.90796566
186004.40331459
201524.436142921
195793.4539814
237522.259640694
221169.04767704
259270.083292961
154003.341777802
158743.749788761
280643.529088974
146790.588670731
194267.042497635
74315.1176929474
140420.772782326
88457.3271875381
0
36045.5473871231
0
0
0
19914.0698871613
3830.95777511597
0
0
0
0
9174.8742351532
0
8731.29456710815
24989.6467285156
0
0
17048.5443487167
0
0
0
0
0
0
0
0
9251.66098308563
0
42316.1350941658
0
0
0
0
49730.6200938225
0
0
10729.1169886589
0
0
0
0
3244.28189373016
0
0
9018.14266490936
0
22603.7441711426
0
58407.9326524735
13147.0082006454
5407.20334148407
6527.50493764877
0
3773.98158121109
0
0
0
0
30183.7544116974
24816.0004892349
3567.20769834518
4012.22088098526
0
0
0
0
44211.2009973526
0
0
3678.15354251862
787.16810798645
59202.0996742249
30651.8376893997
0
0
35084.1870355606
719.060209274292
57578.98691082
36613.9164190292
28800.4162445068
1427.1192483902
4288.03392982483
44126.108798027
57027.5084323883
37467.7406826019
11587.4673500061
24339.8723545074
0
0
15952.8714985847
26606.787112236
0
60348.9337415695
0
0
0
4666.39806604385
0
0
0
0
0
0
0
0
39722.1467256546
88223.9849500656
0
0
0
52784.0822658539
32784.5180854797
27071.8552803993
29567.1231441498
2826.65754032135
579.551651000977
30727.438158989
4631.32609176636
0
35657.6974000931
28245.8178653717
27068.7455034256
1361.1291179657
0
0
0
0
0
0
0
0
39186.3035774231
0
10426.6384773254
0
0
582.157618522644
64538.0445451736
0
0
37814.8850278854
0
25717.5829896927
7552.53635597229
19122.6309728622
0
0
17394.4849100113
536.646814346313
44961.2078638077
31225.0863037109
28073.8725566864
17415.1289606094
10808.0181760788
0
17442.5074472427
0
0
46941.0039196014
9678.80743598938
0
0
16910.1110844612
0
16396.3623776436
0
0
0
0
0
0
5926.80376434326
0
34903.2036790848
59566.1512422562
54043.5440587997
19255.6395921707
48640.0427360535
54288.5478577614
16849.586607933
72502.0574007034
0
25420.6452069283
39587.7593755722
37976.2633404732
0
8336.51020479202
0
0
0
0
0
0
0
11229.505232811
0
0
0
30639.363155365
0
16331.8717741966
0
47404.8133487701
0
65.3102803230286
12080.7773194313
0
69599.9180092812
0
0
2564.00612258911
38331.6241197586
0
28940.1779146194
0
117370.118546486
57000.5554285049
13176.5440769196
22578.9987154007
12727.0391769409
0
0
2152.50396966934
0
0
0
0
0
56351.195183754
26203.3921685219
0
15094.7869367599
0
0
0
0
0
8356.7519159317
4307.00925779343
4038.12712955475
0
43172.5283799171
0
54238.6339092255
66851.8343458176
86684.7903385162
6362.00925111771
9300.03769779205
0
0
0
68171.4347367287
64068.6198339462
0
0
1574.72822904587
9895.60390996933
3275.6648516655
70907.077606678
32140.3310194016
37460.6894631386
46727.571103096
1440.46783065796
0
0
1386.20839643478
15621.0041613579
11703.4651403427
0
19109.7523841858
0
703.832769393921
41784.4069280624
0
0
0
0
0
0
0
0
0
0
0
0
3717.38325595856
0
0
34909.7479009628
0
24516.2646365166
0
28651.8003368378
0
53952.5473127365
0
15647.1297769547
5807.05405521393
0
23178.799041748
78867.803150177
50670.6332731247
2401.97427654266
63140.3151245117
4970.1457490921
369.790344238281
0
0
15508.9633226395
0
30725.9699277878
20939.0681686401
0
28338.4839286804
0
460.191777229309
0
0
5799.94524765015
0
3176.47071361542
0
0
693.705266952515
101219.623865128
22254.7525854111
0
0
0
37577.0438547134
0
42652.3443822861
10871.2979989052
0
0
0
29646.6791152954
0
0
0
12343.8338489532
0
4821.50805425644
0
0
2785.64074277878
0
36461.7036848068
20336.9279003143
29803.3877353668
47202.1210284233
0
0
20814.7799987793
0
0
0
53380.9997425079
14389.179851532
53778.1953539848
0
43503.603764534
35434.04616642
34475.1219806671
19646.967417717
15071.5190038681
0
0
0
0
0
0
0
0
0
4630.23035669327
0
0
0
0
37839.8532538414
0
3226.58425712585
39890.1883354187
0
159.002804756165
7176.43005657196
11914.2917842865
4753.00231075287
56516.6647443771
0
30290.0217628479
40536.919216156
73890.7318139076
17681.6479911804
8161.33770847321
0
27112.8416385651
0
25740.0275526047
65802.0914821625
0
0
0
0
0
48428.3597955704
102313.75687027
0
0
0
0
0
0
597.866304397583
0
19406.0220680237
0
0
29836.2157278061
0
0
0
17222.1369781494
0
0
0
0
55181.8245744705
37015.6130952835
11080.2719984055
0
0
28423.969807148
79996.2323541641
58497.9024944305
13015.3060302734
104391.840877533
36046.3692493439
56244.9240794182
33.670994758606
49198.1472344399
521.001983642578
41293.8309307098
23075.052567482
0
0
0
0
0
35040.0999994278
33891.4759635925
1200.9959487915
10356.4806137085
30926.1290607452
0
23350.8663358688
38481.2902970314
0
40604.3586120605
94416.9183206558
0
18638.9951429367
0
0
893.163230895996
0
12102.0945549011
0
33024.6882982254
0
9010.81596088409
0
0
0
0
0
0
14960.4962520599
18323.3955821991
23294.6577281952
0
0
23817.7488708496
6758.59814357758
0
50549.6279492378
5549.5807352066
0
0
58541.4730648994
16895.2555713654
0
0
0
0
0
0
0
6805.86826992035
82900.5898447037
0
36918.9115633965
0
0
0
0
3639.66998100281
11421.9059386253
0
3042.49422168732
0
8423.51816654205
0
8890.36048269272
0
40915.4275789261
4699.74293327332
28558.9053783417
0
30936.5318145752
18385.9765377045
59814.4890623093
41831.477517128
0
0
0
36585.3898272514
1838.73925209045
17185.3392314911
0
0
0
0
3967.39382839203
1779.52337551117
0
0
0
342.393569946289
1847.47385406494
0
8219.76073026657
2603.30633115768
44167.6083807945
0
9522.4108505249
0
0
20325.23432827
0
0
2901.45005464554
48557.8109474182
0
18549.4015874863
0
0
13302.0530757904
24995.2026734352
623.504267692566
4662.00124549866
0
22648.4302568436
0
0
4865.32054233551
65956.7340240479
0
0
0
0
27426.9454221725
0
27077.1919155121
0
19445.5013628006
68723.0764074326
0
0
0
6771.21511077881
0
0
0
15761.1674747467
0
101.28452539444
4955.58422756195
0
0
613.374858856201
8260.790350914
0
2145.21752929688
0
10692.2974596024
0
0
51497.213265419
10335.9738640785
14449.2020359039
3537.53859758377
27414.7500858307
0
0
0
0
0
28332.322766304
31807.4421186447
0
21465.9464774132
0
0
21058.582988739
0
0
0
18795.9141817093
16786.0797848701
3943.52275133133
52935.2841610909
62585.0583367348
0
20966.7857632637
21428.3534302711
8479.0653591156
58877.6024951935
82890.1197695732
41979.8745241165
12218.2306690216
909.304329395294
9506.40675449371
7500.22123479843
0
14202.7598352432
21277.3195528984
0
0
0
0
0
0
0
0
6127.08558940887
3308.229180336
0
0
13358.764632225
0
0
58040.8001213074
0
6476.63061332703
0
0
53399.794670105
31223.5354776382
4845.99845314026
2590.14047813416
64752.0037145615
7098.02464389801
39205.9571280479
0
0
59441.6191625595
4467.08884143829
0
13032.536026001
0
0
22043.5966539383
0
0
37823.6242070198
0
0
18207.9376077652
18500.1891784668
11772.5463228226
0
40819.3772993088
0
0
557.641668319702
0
0
91074.653427124
0
37606.0329236984
0
19893.6177377701
0
0
0
13076.8316898346
0
0
0
0
0
0
20247.0580644608
0
0
3015.81637573242
0
16593.3788442612
0
0
39845.0557966232
14658.7728352547
8767.78317546844
6285.09616661072
10930.3673667908
0
0
0
0
3232.10247707367
0
0
0
26795.0118598938
0
31334.1671457291
53511.6025676727
12131.2342996597
0
56322.007856369
0
41211.6507120132
53403.7722539902
83266.2643651962
83349.4776439667
79124.2575855255
152041.872891426
66384.1797676086
145129.794736385
118704.732621193
77913.5248413086
13240.5696706772
83279.8618850708
72509.8997631073
84466.810790062
81710.7061624527
27381.4860963821
15495.1562633514
0
54534.4042825699
0
5090.96010017395
0
66768.0261487961
0
0
5086.36338758469
0
0
26229.272069931
0
15213.7327752113
0
0
0
0
0
0
9086.07768535614
0
38262.010160923
47028.7507576942
40728.5557193756
0
0
53089.4825582504
8493.01063728333
21460.4267854691
55483.0835213661
0
0
13993.4540252686
0
0
27084.8228340149
0
10089.0995187759
0
0
0
27459.717259407
120.459755897522
22699.1067066193
0
0
0
0
0
0
0
0
0
0
27567.9827632904
0
0
3175.35226726532
0
0
0
37717.7883434296
0
0
0
0
0
3653.16045665741
0
0
23367.7180995941
59154.8704080582
38318.0782566071
116386.669501781
152165.046096325
239459.326440811
335434.481416702
310346.776593208
334842.125328064
360541.30350399
338215.854325294
368668.754686356
369682.626683235
363093.042834282
226319.212181091
181658.198736191
194238.98134613
128922.19304657
75409.9436392784
52114.1541252136
0
0
0
0
26676.6950845718
0
0
0
14085.4082231522
0
0
0
24129.3313541412
52302.3564572334
0
0
0
0
12476.9021053314
0
10398.7774772644
17367.2434463501
0
0
0
11264.458738327
0
38516.2272968292
0
36103.8987164497
0
14907.2646789551
0
0
3234.92651987076
0
22862.3918638229
0
28034.0454082489
63192.4115552902
0
0
0
0
0
0
0
0
29353.1320528984
0
6844.99962425232
35975.9967522621
27174.7519807816
15814.0124177933
0
0
783.999947547913
0
84005.2791318893
42268.882019043
34852.4860916138
0
56380.0636296272
56028.2040390968
0
70755.6151218414
0
0
0
32587.6864948273
0
0
0
9230.70975494385
40729.7506012917
0
47281.6996598244
0
0
21947.5811948776
0
3931.6187748909
10862.1033115387
0
21204.561747551
0
0
5242.13848781586
0
0
9646.9676027298
19626.8994503021
55166.5250139236
0
78331.4973669052
0
0
8108.06241607666
2313.8617606163
0
0
0
0
0
59629.7835531235
0
0
0
0
8001.54411792755
0
18993.9027204514
0
42170.0582265854
0
0
1376.4625043869
0
15466.7885789871
25850.7797689438
0
0
7133.00301647186
0
0
0
70640.6353464127
0
44018.6842770576
0
22753.5946426392
67694.0901098251
18296.8325862885
71091.3844079971
59108.7957963943
0
19925.5064992905
51356.244143486
17971.8985004425
49543.0221595764
65822.3361377716
39177.867980957
82600.7433176041
0
0
0
0
0
19264.4707551003
0
0
0
0
0
0
0
0
40690.9449043274
0
0
0
0
10911.7833757401
35524.6963524818
0
33346.7045111656
18255.6450848579
33267.3706851006
9715.68486642838
60840.669467926
9138.12381839752
27044.2782869339
48543.0217647552
45339.6499238014
101525.919296741
37192.0019874573
0
59387.7088904381
17808.2615289688
15820.8713502884
35701.7103481293
0
29248.7289705276
0
31048.4477577209
345.805648803711
0
0
0
1994.61946392059
32038.7118644714
6710.46849870682
0
14865.869366169
0
50630.5244598389
12781.1359987259
0
18795.2577838898
0
0
40524.4708480835
0
0
0
0
0
0
0
23387.9768681526
0
0
0
0
0
0
33442.1424121857
0
11305.8662986755
6852.13414812088
24058.8054981232
36174.8718652725
52051.9596009254
0
47565.1144161224
0
0
31108.0644636154
0
5250.52631759644
0
0
7708.35183238983
0
55496.5639839172
76909.1299390793
0
0
0
0
0
0
0
0
0
0
0
0
0
0
0
0
0
0
0
0
